0 0.415923 0.166832 0.267361 0.200728
0 0.229911 0.320933 0.143353 0.348876
0 0.647445 0.328042 0.156002 0.311508
0 0.729539 0.443287 0.236855 0.334987
0 0.408234 0.644345 0.258433 0.180225
0 0.478423 0.816468 0.262401 0.236772
1 0.390377 0.351356 0.240079 0.228505
1 0.571553 0.331019 0.104911 0.320106
1 0.758805 0.388228 0.106399 0.312831
1 0.680804 0.607308 0.076885 0.079034
1 0.649058 0.731647 0.165675 0.116071
1 0.557912 0.645172 0.069692 0.071429
1 0.302703 0.766865 0.218502 0.173942
1 0.273934 0.655919 0.087054 0.122685
2 0.349950 0.311343 0.295139 0.338294
2 0.341518 0.525298 0.275298 0.200728
2 0.512277 0.467593 0.141617 0.332672
2 0.595858 0.573247 0.118304 0.187500
2 0.445561 0.755622 0.228919 0.179233
2 0.711558 0.714120 0.279266 0.206680
