0 0.379836 0.386078 0.223958 0.133267
0 0.332217 0.483631 0.098462 0.087632
0 0.418279 0.523810 0.116815 0.372354
0 0.519097 0.505952 0.123016 0.405423
0 0.593998 0.588790 0.067956 0.161045
0 0.687500 0.707176 0.117560 0.380622
1 0.222222 0.689153 0.126488 0.382937
1 0.212302 0.245370 0.162202 0.201720
1 0.305432 0.676257 0.152034 0.376323
1 0.640005 0.449570 0.302331 0.190146
1 0.708705 0.328373 0.287946 0.156746
1 0.791543 0.517196 0.114335 0.250661
1 0.765501 0.779101 0.073661 0.066138
2 0.411954 0.275628 0.275298 0.209325
2 0.453125 0.250661 0.236111 0.120370
2 0.674355 0.232474 0.252976 0.154762
2 0.436632 0.773148 0.222470 0.165344
2 0.597098 0.811673 0.136657 0.267526
2 0.722842 0.676257 0.325645 0.248677
