0 0.620288 0.330688 0.181548 0.165344
0 0.431548 0.471396 0.090278 0.305886
0 0.673115 0.641534 0.108135 0.281746
1 0.235491 0.415840 0.148065 0.171627
1 0.258309 0.627149 0.124752 0.291336
1 0.486731 0.398313 0.120784 0.328373
1 0.337054 0.620701 0.125496 0.146164
1 0.439112 0.651124 0.256200 0.236772
1 0.591890 0.513558 0.136161 0.236772
1 0.769221 0.635582 0.120784 0.297619
2 0.346726 0.412698 0.103175 0.316799
2 0.429936 0.293320 0.215030 0.105820
2 0.594618 0.678902 0.127232 0.213624
2 0.623512 0.406911 0.211806 0.241071
2 0.760789 0.412202 0.159970 0.256283
