0 0.368800 0.276124 0.107143 0.314815
0 0.508309 0.575893 0.197669 0.265542
0 0.574653 0.500827 0.186508 0.164352
0 0.722718 0.490079 0.112599 0.339286
1 0.447917 0.142857 0.089782 0.107804
1 0.261161 0.391369 0.152778 0.272156
1 0.325521 0.468089 0.185764 0.150463
1 0.475942 0.368552 0.185516 0.251653
1 0.390253 0.634590 0.209573 0.244048
1 0.656746 0.440476 0.112103 0.276455
1 0.645213 0.777612 0.212054 0.291336
2 0.429936 0.306052 0.128720 0.270172
2 0.558656 0.238261 0.197669 0.204696
2 0.523934 0.375331 0.235367 0.137566
2 0.812748 0.460152 0.107143 0.196098
2 0.647197 0.633102 0.167907 0.172950
2 0.511905 0.707176 0.160218 0.282738
2 0.294767 0.543816 0.063244 0.075728
