0 0.401910 0.261243 0.106399 0.316799
0 0.379960 0.470238 0.255952 0.146164
0 0.711558 0.300761 0.128968 0.323082
0 0.534350 0.611276 0.057788 0.067130
0 0.638765 0.751488 0.227927 0.307209
1 0.325025 0.296958 0.098462 0.257937
1 0.473090 0.282573 0.079117 0.152447
1 0.544271 0.278274 0.084077 0.084325
1 0.637153 0.354001 0.139881 0.340278
1 0.495536 0.406911 0.221726 0.145172
1 0.394221 0.835648 0.286458 0.125661
1 0.625124 0.594577 0.235863 0.292328
1 0.551463 0.739253 0.079117 0.131283
2 0.531870 0.325397 0.094494 0.090608
2 0.331101 0.559028 0.092758 0.075728
2 0.329861 0.675265 0.207341 0.297619
2 0.503224 0.544974 0.233631 0.175926
2 0.474330 0.740245 0.129712 0.291336
2 0.699901 0.582341 0.071925 0.107804
2 0.738839 0.820767 0.152778 0.155423
