0 0.350322 0.562665 0.187252 0.153770
0 0.434648 0.410714 0.104911 0.203704
0 0.679563 0.405754 0.082341 0.158069
0 0.745908 0.492725 0.186260 0.285053
0 0.529142 0.766865 0.160962 0.175926
1 0.268725 0.612765 0.196677 0.232804
1 0.387897 0.434028 0.241567 0.133267
1 0.554688 0.266038 0.171875 0.298611
1 0.509549 0.335317 0.086558 0.275132
1 0.489955 0.243717 0.040923 0.068122
1 0.545511 0.549272 0.132688 0.312831
1 0.619544 0.765212 0.186508 0.328704
2 0.429563 0.318783 0.134425 0.137566
2 0.631076 0.314484 0.167907 0.297619
2 0.487971 0.536541 0.159970 0.152447
2 0.409970 0.661376 0.175099 0.146164
2 0.612351 0.557870 0.187996 0.291005
2 0.687500 0.628803 0.088790 0.108796
