0 0.667535 0.237765 0.252232 0.195106
0 0.547991 0.309689 0.131200 0.136574
0 0.272693 0.562169 0.102431 0.297619
0 0.457837 0.674769 0.245536 0.268849
0 0.664683 0.643188 0.233631 0.395503
0 0.753100 0.528935 0.114335 0.348876
0 0.626736 0.774967 0.112599 0.138558
1 0.240699 0.419643 0.150546 0.281746
1 0.337798 0.364749 0.074405 0.088624
1 0.442336 0.463955 0.272073 0.203704
1 0.645089 0.468254 0.218254 0.310185
1 0.665551 0.368386 0.105407 0.140873
1 0.721974 0.344411 0.074405 0.084325
1 0.372768 0.641534 0.115079 0.177249
1 0.412698 0.779597 0.273810 0.131283
1 0.531870 0.553075 0.094494 0.100198
2 0.818328 0.623347 0.155010 0.394841
2 0.569940 0.319940 0.200893 0.073743
2 0.407118 0.317791 0.228919 0.195106
2 0.323413 0.504464 0.173611 0.270172
2 0.461930 0.576554 0.111359 0.119378
2 0.571057 0.643188 0.137649 0.148148
2 0.567460 0.791997 0.047123 0.100529
2 0.229787 0.734954 0.156002 0.180225
