0 0.398686 0.497520 0.127232 0.268849
0 0.740699 0.483135 0.193700 0.306217
0 0.675967 0.573743 0.265625 0.261243
0 0.467138 0.829861 0.180804 0.242394
0 0.639137 0.755622 0.249504 0.292328
1 0.314360 0.326389 0.144097 0.323413
1 0.441468 0.250000 0.177579 0.253968
1 0.597966 0.246858 0.167163 0.296627
1 0.469494 0.516204 0.079861 0.227513
1 0.532738 0.583499 0.108631 0.208003
1 0.614707 0.534392 0.077629 0.073413
2 0.214286 0.371032 0.113591 0.220899
2 0.303571 0.534392 0.117560 0.146164
2 0.514385 0.248512 0.112103 0.133267
2 0.489583 0.319940 0.241567 0.139881
2 0.562748 0.437335 0.253472 0.171627
2 0.437624 0.671958 0.244792 0.210317
