0 0.431920 0.211144 0.095982 0.182209
0 0.486731 0.353505 0.170387 0.290344
0 0.643477 0.334821 0.212054 0.209987
0 0.563120 0.488591 0.128224 0.141865
0 0.373512 0.707176 0.188988 0.150463
0 0.484375 0.854993 0.144841 0.100198
0 0.749628 0.719411 0.124752 0.333003
1 0.328745 0.425595 0.136161 0.269841
1 0.383557 0.615906 0.171875 0.326389
1 0.564360 0.587632 0.212054 0.299603
1 0.619544 0.844246 0.165675 0.100529
1 0.536334 0.218089 0.132192 0.194114
2 0.364335 0.260747 0.207341 0.275463
2 0.608631 0.182870 0.127976 0.236772
2 0.617932 0.427249 0.210565 0.151455
2 0.667039 0.572751 0.123264 0.295635
2 0.705481 0.653274 0.078621 0.300595
2 0.339906 0.538194 0.132688 0.249669
2 0.552703 0.707176 0.252728 0.308532
2 0.412698 0.775959 0.296131 0.234458
1 0.694692 0.426091 0.082341 0.159722
