0 0.639509 0.232474 0.099950 0.231481
0 0.383557 0.419808 0.268105 0.213294
0 0.579613 0.348876 0.116071 0.325397
0 0.700397 0.412698 0.172123 0.139550
0 0.571057 0.579696 0.060764 0.181217
0 0.532738 0.812169 0.263889 0.302910
0 0.409970 0.611111 0.256944 0.271825
1 0.575149 0.139550 0.092758 0.154762
1 0.457093 0.244709 0.154266 0.134259
1 0.479911 0.349702 0.121528 0.112103
1 0.699529 0.272983 0.106399 0.180225
1 0.760665 0.526951 0.161706 0.206019
1 0.515501 0.557209 0.122272 0.332672
1 0.451017 0.510913 0.046379 0.128968
1 0.366319 0.794643 0.153770 0.175926
1 0.495164 0.750496 0.059276 0.070437
2 0.375496 0.314649 0.128968 0.124669
2 0.257937 0.426091 0.168651 0.373347
2 0.359499 0.698082 0.266617 0.292328
2 0.672743 0.654927 0.169395 0.209987
2 0.641493 0.551918 0.174355 0.200397
2 0.764757 0.327877 0.116815 0.164352
2 0.413070 0.496528 0.069692 0.091601
