0 0.261533 0.304894 0.228919 0.419312
0 0.407986 0.450562 0.284722 0.309193
0 0.395833 0.613922 0.319940 0.317791
0 0.310268 0.807870 0.304067 0.187831
0 0.621900 0.743882 0.290427 0.202712
0 0.713170 0.652282 0.340030 0.352183
0 0.545883 0.550430 0.151290 0.303902
1 0.353051 0.230324 0.149554 0.227183
1 0.680680 0.198909 0.244792 0.200728
1 0.581969 0.323247 0.171875 0.169643
1 0.772693 0.413360 0.164931 0.347884
1 0.843874 0.556713 0.153522 0.274140
1 0.481523 0.580688 0.211062 0.339286
2 0.220610 0.552414 0.131200 0.395833
2 0.512277 0.879960 0.269593 0.222884
2 0.414683 0.329034 0.164187 0.189815
2 0.490327 0.183366 0.182540 0.208003
2 0.687500 0.399471 0.202381 0.311508
2 0.538690 0.654431 0.101687 0.095899
2 0.423611 0.746032 0.159226 0.111111
