0 0.253472 0.337136 0.140873 0.188823
0 0.369420 0.269345 0.251240 0.249669
0 0.414311 0.524306 0.187252 0.270833
0 0.486731 0.693287 0.255208 0.139881
0 0.652778 0.515212 0.097718 0.167328
0 0.735243 0.501819 0.116815 0.284061
1 0.301091 0.605820 0.144841 0.287037
1 0.438740 0.541667 0.256944 0.278439
1 0.511905 0.636739 0.227183 0.129299
1 0.645585 0.729001 0.134425 0.079034
1 0.565600 0.436343 0.172867 0.282738
2 0.323537 0.422950 0.245784 0.207011
2 0.458705 0.239418 0.167411 0.134259
2 0.673115 0.290179 0.229663 0.169643
2 0.579861 0.385086 0.240079 0.188823
2 0.690724 0.637235 0.247024 0.275132
0 0.563616 0.255456 0.077629 0.117394
