0 0.199529 0.372189 0.140129 0.289352
0 0.391121 0.415344 0.271825 0.275132
0 0.693948 0.484788 0.266369 0.255952
0 0.663566 0.606978 0.255208 0.256944
0 0.659474 0.794643 0.323909 0.167328
0 0.311136 0.775463 0.310268 0.182540
0 0.509921 0.570106 0.121032 0.285714
1 0.296751 0.295966 0.187252 0.377646
1 0.377108 0.297123 0.093502 0.136574
1 0.566716 0.285880 0.130456 0.235780
1 0.684400 0.369544 0.106399 0.125992
1 0.789187 0.352017 0.189484 0.321098
1 0.815600 0.687500 0.114335 0.377646
1 0.590278 0.633102 0.270337 0.286045
2 0.221478 0.525794 0.127976 0.130952
2 0.311880 0.636243 0.320188 0.200397
2 0.465898 0.450562 0.232887 0.241071
2 0.554315 0.701389 0.155258 0.151455
2 0.401166 0.814484 0.248760 0.140873
2 0.456721 0.254795 0.161458 0.190807
