0 0.255828 0.457507 0.188740 0.293320
0 0.421131 0.736938 0.203869 0.303902
0 0.409598 0.158896 0.208085 0.150463
0 0.426711 0.407903 0.202629 0.290013
0 0.546627 0.461310 0.130456 0.083333
0 0.603547 0.485284 0.176835 0.192791
0 0.713914 0.576885 0.204117 0.161045
1 0.505952 0.239914 0.096726 0.216601
1 0.602307 0.356812 0.239831 0.200397
1 0.727183 0.434028 0.127976 0.129299
1 0.373884 0.503472 0.235863 0.293320
1 0.596726 0.621362 0.243056 0.200397
1 0.602803 0.773810 0.226438 0.296296
1 0.608755 0.580688 0.041419 0.068122
2 0.499132 0.684689 0.153522 0.209987
2 0.337550 0.601025 0.099206 0.127976
2 0.306300 0.338459 0.148810 0.194114
2 0.350694 0.256448 0.139881 0.110780
2 0.449157 0.290013 0.108135 0.291005
2 0.585565 0.208499 0.127976 0.228505
