0 0.332341 0.321594 0.130456 0.313823
0 0.567584 0.182209 0.234375 0.220899
0 0.689484 0.446263 0.217758 0.307209
0 0.503844 0.486938 0.103919 0.079034
0 0.309896 0.662864 0.112847 0.307209
0 0.567832 0.832507 0.223958 0.125992
1 0.539187 0.409061 0.185516 0.158069
1 0.550719 0.555721 0.250248 0.218585
1 0.737847 0.631448 0.144841 0.214616
1 0.674355 0.726356 0.268849 0.357474
1 0.413070 0.695933 0.136657 0.256283
1 0.352679 0.813161 0.232143 0.151455
2 0.696429 0.307705 0.117560 0.260251
2 0.541543 0.289517 0.214534 0.187500
2 0.417907 0.375827 0.104663 0.315807
2 0.334697 0.495866 0.090526 0.190807
2 0.412822 0.563161 0.095982 0.088624
