0 0.523065 0.201058 0.107143 0.294312
0 0.309028 0.413194 0.159226 0.230489
0 0.519593 0.477348 0.138393 0.288029
0 0.514261 0.627646 0.164931 0.343254
0 0.335069 0.730655 0.179067 0.295304
1 0.181052 0.471396 0.131944 0.206019
1 0.292411 0.525298 0.187996 0.251653
1 0.427579 0.732143 0.187996 0.349868
1 0.442336 0.351356 0.086558 0.241071
1 0.584325 0.402116 0.139881 0.304233
1 0.593626 0.562004 0.046379 0.054563
2 0.422743 0.328373 0.140129 0.201720
2 0.397445 0.514716 0.145585 0.221892
2 0.610243 0.359954 0.124752 0.253638
2 0.697173 0.374835 0.109623 0.164352
2 0.665179 0.567956 0.221726 0.303241
