0 0.223958 0.533730 0.121528 0.234788
0 0.427207 0.295470 0.180804 0.186839
0 0.437996 0.612103 0.109623 0.250661
0 0.545511 0.601025 0.110367 0.251653
0 0.726314 0.398313 0.102431 0.345569
0 0.815476 0.665675 0.130456 0.374339
1 0.228299 0.331184 0.165427 0.200728
1 0.323413 0.369048 0.152778 0.233466
1 0.517113 0.353009 0.195933 0.263558
1 0.472346 0.525794 0.162450 0.351190
1 0.565104 0.618717 0.114335 0.212302
1 0.639881 0.659722 0.056052 0.087302
1 0.778770 0.411210 0.039187 0.183532
1 0.273934 0.752646 0.384673 0.198413
1 0.194692 0.559854 0.146329 0.242063
2 0.330357 0.519345 0.140873 0.180225
2 0.453125 0.436673 0.172123 0.127976
2 0.583457 0.318452 0.104911 0.076720
2 0.659102 0.460152 0.131200 0.373347
2 0.553571 0.777116 0.211310 0.162037
2 0.686756 0.682209 0.154266 0.264550
2 0.706845 0.797784 0.124008 0.124669
