0 0.395461 0.522487 0.240823 0.335979
0 0.687500 0.452712 0.229663 0.224206
0 0.696801 0.565807 0.172867 0.196429
0 0.481523 0.735946 0.190228 0.190807
0 0.583581 0.837798 0.250496 0.315807
1 0.401538 0.164683 0.228671 0.149471
1 0.244296 0.479332 0.152778 0.204696
1 0.347470 0.500331 0.203869 0.289021
1 0.395213 0.306548 0.110367 0.219577
1 0.492312 0.305060 0.139881 0.237765
1 0.573537 0.304563 0.155010 0.283730
1 0.652778 0.270337 0.190476 0.262235
1 0.495412 0.621197 0.077629 0.108796
1 0.769469 0.589782 0.252728 0.350860
2 0.274306 0.316138 0.155258 0.255952
2 0.321181 0.430721 0.124008 0.141865
2 0.563616 0.579696 0.199157 0.362434
2 0.409102 0.628803 0.207093 0.281415
