0 0.470238 0.295800 0.191964 0.194114
0 0.367808 0.443122 0.248016 0.151455
0 0.476687 0.516865 0.049603 0.093915
0 0.389137 0.591435 0.160714 0.251653
0 0.498016 0.580688 0.130456 0.187831
0 0.450397 0.736111 0.219246 0.118386
1 0.389509 0.359292 0.093006 0.114087
1 0.512773 0.378142 0.110367 0.202712
1 0.591146 0.511409 0.192212 0.192130
1 0.512773 0.634755 0.231895 0.122685
1 0.711186 0.702381 0.158482 0.309524
1 0.556300 0.692130 0.202381 0.203704
1 0.569940 0.821759 0.200893 0.087302
2 0.310268 0.261905 0.118552 0.322090
2 0.404638 0.263393 0.110367 0.116071
2 0.604291 0.308697 0.106399 0.334987
2 0.676339 0.337632 0.104663 0.320106
2 0.297123 0.560020 0.168651 0.368056
2 0.339038 0.776455 0.284722 0.148148
2 0.656002 0.607804 0.084821 0.165344
