0 0.547123 0.150794 0.092758 0.091931
0 0.668279 0.242063 0.107887 0.216270
0 0.242684 0.595734 0.163938 0.215278
0 0.405506 0.621197 0.075397 0.117394
0 0.373512 0.455522 0.163194 0.263558
0 0.410714 0.393519 0.143353 0.118386
1 0.385045 0.732804 0.176835 0.231481
1 0.537946 0.744544 0.223214 0.299934
1 0.472346 0.638889 0.112847 0.173942
1 0.539931 0.638393 0.059028 0.077050
1 0.565600 0.564153 0.243304 0.128968
1 0.686012 0.329530 0.116071 0.206019
1 0.735987 0.470899 0.118304 0.266534
2 0.609499 0.274636 0.038442 0.119378
2 0.609499 0.394015 0.203125 0.262235
2 0.544767 0.457507 0.260665 0.167659
2 0.647569 0.646991 0.058532 0.072421
2 0.494668 0.223876 0.221478 0.154762
2 0.403894 0.299603 0.251240 0.186508
2 0.306796 0.439980 0.215278 0.294643
2 0.280630 0.526786 0.222470 0.269841
