0 0.613467 0.192956 0.287946 0.237765
0 0.740327 0.355655 0.232639 0.258267
0 0.808780 0.641534 0.190476 0.187831
0 0.363467 0.347718 0.213542 0.370040
0 0.369048 0.368552 0.103175 0.315807
1 0.215402 0.733300 0.135169 0.399140
1 0.325893 0.867725 0.122520 0.102513
1 0.481895 0.863426 0.202381 0.187831
1 0.628348 0.770668 0.117808 0.098214
1 0.714410 0.707176 0.180804 0.199405
1 0.568824 0.472553 0.195188 0.400132
1 0.497520 0.337136 0.166171 0.378638
1 0.776414 0.239914 0.084077 0.084325
2 0.186756 0.327381 0.144841 0.445106
2 0.288690 0.343254 0.091270 0.382937
2 0.358755 0.601521 0.306300 0.201720
2 0.390997 0.748677 0.329613 0.250661
2 0.550347 0.728340 0.076885 0.188823
2 0.716766 0.832507 0.305556 0.190146
2 0.733879 0.514550 0.288690 0.285714
