0 0.762401 0.247354 0.155258 0.269841
0 0.736731 0.440972 0.193700 0.164352
0 0.833953 0.588790 0.127232 0.167659
0 0.375496 0.288525 0.249008 0.232474
0 0.296379 0.413856 0.215278 0.280754
0 0.346354 0.622851 0.307292 0.329696
1 0.224330 0.608466 0.141617 0.341270
1 0.320685 0.725694 0.118552 0.127976
1 0.441840 0.418485 0.084077 0.070437
1 0.594370 0.307540 0.236855 0.226190
1 0.690724 0.353505 0.082341 0.059524
1 0.717882 0.578704 0.135169 0.198413
1 0.512649 0.742394 0.105655 0.109788
1 0.491443 0.438823 0.119296 0.095899
2 0.727927 0.729001 0.352183 0.149140
2 0.504340 0.642692 0.232887 0.127976
2 0.515997 0.554729 0.315228 0.254960
2 0.600322 0.386574 0.130208 0.285714
2 0.670387 0.513062 0.070437 0.058532
2 0.435888 0.315146 0.209573 0.123677
