0 0.396329 0.210483 0.189484 0.155754
0 0.449033 0.399471 0.219990 0.179233
0 0.527530 0.587136 0.128968 0.303241
0 0.673487 0.513558 0.111855 0.294312
0 0.673239 0.728009 0.092014 0.168320
1 0.231523 0.496032 0.143105 0.259259
1 0.314360 0.479828 0.137649 0.325397
1 0.443452 0.552910 0.111111 0.245370
1 0.576761 0.863426 0.094494 0.142857
1 0.498760 0.311343 0.159226 0.293320
1 0.669147 0.360450 0.152778 0.238095
1 0.592634 0.465112 0.088046 0.103505
2 0.343874 0.321594 0.217510 0.157738
2 0.563864 0.321098 0.137649 0.289021
2 0.751984 0.544478 0.176091 0.311177
2 0.619544 0.631283 0.138393 0.325397
2 0.450769 0.726852 0.263145 0.343254
2 0.396701 0.521495 0.102431 0.224868
