0 0.482267 0.225033 0.166419 0.201389
0 0.397941 0.289021 0.221478 0.191138
0 0.445809 0.270833 0.077629 0.099206
0 0.744668 0.453373 0.244792 0.240079
0 0.629588 0.575397 0.208085 0.273148
0 0.724330 0.670470 0.207093 0.317791
1 0.191096 0.369544 0.147073 0.251653
1 0.452381 0.524802 0.224702 0.240079
1 0.521949 0.368552 0.064732 0.119378
1 0.563492 0.445271 0.103175 0.143188
2 0.296627 0.381283 0.127976 0.158069
2 0.460317 0.434689 0.232639 0.324405
2 0.594246 0.342923 0.171131 0.208995
2 0.550223 0.742394 0.300843 0.344577
0 0.322669 0.524140 0.146329 0.162037
2 0.661582 0.520999 0.159970 0.174934
2 0.618676 0.583829 0.157490 0.164352
