0 0.690352 0.313988 0.100942 0.136574
0 0.449901 0.339782 0.200893 0.268849
0 0.527902 0.646329 0.102431 0.338294
0 0.679067 0.594577 0.191964 0.414021
0 0.639509 0.801587 0.132192 0.228175
0 0.582837 0.860284 0.060020 0.102183
1 0.760665 0.702877 0.134425 0.423611
1 0.557168 0.659226 0.157490 0.291336
1 0.420263 0.675761 0.135169 0.249669
1 0.344246 0.728505 0.202381 0.182540
1 0.327505 0.762566 0.117808 0.267857
1 0.322669 0.475529 0.130456 0.250661
1 0.377480 0.323578 0.120040 0.100198
1 0.520709 0.376488 0.115327 0.204034
1 0.470238 0.462798 0.134425 0.143849
2 0.426711 0.850033 0.296875 0.114087
2 0.386285 0.591435 0.211062 0.127976
2 0.408358 0.221230 0.224950 0.234788
2 0.603175 0.285218 0.118552 0.181548
2 0.649926 0.433036 0.274554 0.150463
