0 0.410342 0.745040 0.121776 0.181217
0 0.482763 0.702877 0.114335 0.167659
0 0.589162 0.657077 0.127232 0.372354
0 0.716766 0.604167 0.153770 0.205026
0 0.525918 0.506614 0.226438 0.250661
0 0.549479 0.363591 0.217510 0.237765
0 0.639509 0.385086 0.087054 0.133267
1 0.408730 0.431382 0.155258 0.206680
1 0.375124 0.538029 0.123264 0.226190
1 0.475074 0.311839 0.179315 0.149471
1 0.614707 0.297123 0.135169 0.117394
1 0.795511 0.340278 0.205605 0.252646
1 0.689980 0.476190 0.167163 0.294312
2 0.613467 0.197751 0.216022 0.130291
2 0.755952 0.385582 0.204861 0.324074
2 0.284722 0.394511 0.233631 0.333995
2 0.318204 0.606316 0.169643 0.239087
2 0.465526 0.713459 0.096230 0.293320
2 0.579117 0.786541 0.243056 0.298611
