0 0.275050 0.554067 0.140873 0.291997
0 0.335938 0.671296 0.180804 0.179233
0 0.523934 0.532738 0.187252 0.302910
0 0.487475 0.456019 0.087054 0.234788
0 0.686756 0.580192 0.164187 0.214616
0 0.696677 0.368056 0.169643 0.193122
1 0.567212 0.359954 0.190476 0.358135
1 0.371156 0.406415 0.214534 0.078042
1 0.361855 0.396164 0.122520 0.185847
1 0.431920 0.605324 0.192212 0.341601
1 0.688244 0.686343 0.173611 0.136574
1 0.823909 0.657077 0.143849 0.316799
1 0.654390 0.543320 0.115327 0.247354
1 0.742684 0.498512 0.071181 0.127976
2 0.342014 0.780754 0.293651 0.092593
2 0.652778 0.732804 0.304067 0.191138
2 0.361111 0.327381 0.237599 0.150132
2 0.312748 0.654266 0.147321 0.202712
2 0.721974 0.235119 0.267857 0.251984
2 0.793031 0.402116 0.156002 0.240079
