0 0.307044 0.309358 0.091270 0.112103
0 0.496404 0.421296 0.148065 0.180556
0 0.434400 0.588790 0.238343 0.319114
0 0.601190 0.606812 0.181548 0.229497
0 0.511905 0.818618 0.222222 0.221892
0 0.430680 0.718915 0.077629 0.090608
1 0.388641 0.303902 0.171131 0.306217
1 0.473090 0.177083 0.171875 0.235780
1 0.496280 0.301257 0.131944 0.183201
1 0.671999 0.423942 0.172867 0.285714
1 0.766369 0.578538 0.104167 0.147156
1 0.515129 0.671462 0.156746 0.166336
1 0.612351 0.818618 0.224702 0.296627
2 0.254340 0.424438 0.195188 0.323082
2 0.365575 0.463955 0.147321 0.278439
2 0.565972 0.260251 0.116071 0.182540
2 0.578373 0.419643 0.107143 0.170635
2 0.677951 0.579200 0.224950 0.310516
