0 0.510789 0.277943 0.192708 0.136574
0 0.513889 0.482474 0.231151 0.311508
0 0.535838 0.523644 0.223958 0.143849
0 0.394593 0.515046 0.124008 0.092923
0 0.441096 0.553571 0.106399 0.090608
0 0.615575 0.800430 0.292163 0.147156
1 0.374628 0.292163 0.112847 0.301918
1 0.463170 0.342262 0.188740 0.280423
1 0.619916 0.300595 0.153522 0.146164
1 0.615947 0.413856 0.230407 0.178241
1 0.692708 0.620205 0.107143 0.260251
1 0.582341 0.741237 0.070437 0.105489
1 0.351935 0.829861 0.207837 0.096892
2 0.310392 0.307540 0.073661 0.189815
2 0.285962 0.510913 0.194444 0.344577
2 0.456721 0.652778 0.281498 0.285053
2 0.368304 0.748181 0.284226 0.247685
2 0.636781 0.671462 0.159970 0.209325
2 0.574281 0.565146 0.159970 0.137566
