0 0.628348 0.259094 0.099950 0.143849
0 0.429439 0.370040 0.180804 0.175926
0 0.344742 0.410714 0.057540 0.080026
0 0.407118 0.562665 0.161458 0.294643
0 0.356647 0.748843 0.185516 0.284722
0 0.584821 0.626653 0.248016 0.191799
0 0.503100 0.448413 0.102431 0.102513
1 0.715650 0.315146 0.191220 0.271164
1 0.676711 0.390377 0.206597 0.167659
1 0.696305 0.488591 0.189732 0.152447
1 0.745908 0.526455 0.140129 0.207011
1 0.511905 0.276620 0.155258 0.155754
1 0.347470 0.561673 0.208829 0.298611
1 0.240327 0.567956 0.157738 0.232474
1 0.541047 0.365741 0.135169 0.203704
2 0.492312 0.218585 0.203869 0.218915
2 0.304812 0.335813 0.219246 0.312500
2 0.417163 0.474702 0.095238 0.169643
2 0.566716 0.518353 0.242560 0.186839
2 0.519469 0.779266 0.226438 0.260251
2 0.585069 0.294312 0.066468 0.107804
