0 0.587178 0.327381 0.166419 0.101190
0 0.444692 0.331019 0.048115 0.057540
0 0.330233 0.550926 0.103919 0.179233
0 0.389509 0.519015 0.083085 0.174934
0 0.421627 0.681548 0.148810 0.116402
0 0.453993 0.667163 0.152530 0.100198
0 0.609127 0.667163 0.168651 0.104828
1 0.487103 0.373843 0.134425 0.125992
1 0.542287 0.427083 0.167907 0.136574
1 0.650298 0.396660 0.086310 0.105489
1 0.562252 0.508763 0.142361 0.086310
1 0.454737 0.583499 0.107887 0.131283
1 0.335441 0.675595 0.099950 0.104497
2 0.329117 0.405258 0.079365 0.169643
2 0.391865 0.377480 0.084821 0.209987
2 0.460317 0.488426 0.066468 0.144180
2 0.497520 0.533730 0.030258 0.064153
2 0.574653 0.607308 0.167163 0.213294
2 0.645089 0.522652 0.122520 0.208003
2 0.655134 0.527447 0.067212 0.198413
2 0.337426 0.327381 0.067212 0.060847
