0 0.384673 0.500661 0.100694 0.189815
0 0.531498 0.399471 0.151290 0.095899
0 0.597470 0.447421 0.163194 0.136243
0 0.610615 0.532738 0.109623 0.213624
0 0.610615 0.614418 0.159226 0.052249
1 0.651910 0.338459 0.086558 0.202712
1 0.549479 0.321098 0.150546 0.128968
1 0.396329 0.356316 0.064980 0.150463
1 0.431052 0.413194 0.097718 0.213294
1 0.330357 0.537037 0.078373 0.170635
1 0.485491 0.508598 0.136161 0.099206
1 0.526290 0.467262 0.105655 0.090608
2 0.337054 0.384590 0.067956 0.170635
2 0.482763 0.324239 0.114335 0.086310
2 0.418279 0.597222 0.179315 0.071429
2 0.535466 0.574405 0.116071 0.125661
2 0.679936 0.532738 0.081597 0.125661
2 0.451513 0.507110 0.058284 0.145172
