0 0.490699 0.296958 0.151042 0.138889
0 0.595610 0.430390 0.141617 0.196098
0 0.387897 0.479497 0.137401 0.168651
0 0.465154 0.500661 0.140129 0.113095
0 0.634673 0.605324 0.144841 0.181548
1 0.513517 0.388228 0.140625 0.135582
1 0.507068 0.583995 0.124752 0.185847
1 0.579613 0.583995 0.095238 0.191799
2 0.443204 0.421296 0.148810 0.139550
2 0.562748 0.343915 0.124008 0.123677
2 0.632316 0.467097 0.064732 0.161045
2 0.673115 0.457507 0.100198 0.110119
2 0.489087 0.258598 0.044147 0.036376
2 0.537450 0.318452 0.086310 0.074735
