0 0.377108 0.277778 0.243800 0.224206
0 0.516369 0.345569 0.096726 0.167328
0 0.453497 0.461144 0.153522 0.315807
0 0.293155 0.650628 0.111111 0.359458
0 0.510665 0.796131 0.187996 0.117394
0 0.619172 0.701224 0.195188 0.290013
0 0.529886 0.734954 0.112847 0.067130
1 0.322297 0.210483 0.094494 0.117394
1 0.587922 0.382275 0.241815 0.292328
1 0.643229 0.619213 0.244792 0.347553
1 0.683904 0.578042 0.103919 0.158730
1 0.569196 0.289021 0.080853 0.125000
2 0.473958 0.254795 0.208829 0.178241
2 0.649554 0.419643 0.127976 0.219577
2 0.388765 0.695933 0.110367 0.300595
2 0.442336 0.689153 0.265625 0.212302
2 0.368304 0.460152 0.173611 0.219907
