0 0.452257 0.547784 0.143105 0.211310
0 0.491939 0.396825 0.089534 0.097222
0 0.606399 0.401124 0.148810 0.080026
0 0.571925 0.493882 0.155258 0.159061
0 0.612227 0.598380 0.176835 0.120701
1 0.425471 0.454861 0.068700 0.192130
1 0.475570 0.349206 0.141617 0.085317
1 0.600322 0.340774 0.132192 0.091601
1 0.595114 0.469907 0.136161 0.168651
1 0.475074 0.576058 0.046379 0.052249
1 0.463046 0.635086 0.148810 0.087632
1 0.569940 0.561508 0.061508 0.053571
2 0.504340 0.514054 0.107887 0.188823
2 0.518229 0.671296 0.073661 0.046958
2 0.634301 0.656085 0.188740 0.071429
2 0.665551 0.524802 0.076637 0.171958
