0 0.371404 0.553075 0.120784 0.176918
0 0.477183 0.461806 0.080853 0.209987
0 0.453125 0.425099 0.061508 0.172950
0 0.518725 0.354497 0.066220 0.102513
0 0.562748 0.369544 0.052083 0.085648
1 0.430680 0.476190 0.051835 0.097884
1 0.459449 0.346561 0.128720 0.182540
1 0.557912 0.308697 0.133681 0.143188
1 0.617932 0.434028 0.120784 0.124669
1 0.534350 0.460152 0.076637 0.117394
1 0.559524 0.535384 0.124008 0.163360
1 0.496776 0.648644 0.121528 0.122685
2 0.653522 0.400628 0.120040 0.174934
2 0.613095 0.541336 0.128968 0.179233
2 0.555928 0.634755 0.057788 0.084325
2 0.507564 0.601521 0.071181 0.086640
2 0.419891 0.529101 0.127976 0.195106
2 0.443204 0.652282 0.070437 0.081019
0 0.571181 0.436177 0.048115 0.078042
2 0.416791 0.421792 0.038442 0.038690
