0 0.399430 0.344907 0.064732 0.066138
0 0.489955 0.440972 0.077629 0.155754
0 0.478299 0.544478 0.171379 0.083003
0 0.615079 0.353009 0.097718 0.167659
0 0.647197 0.394015 0.103919 0.115410
0 0.653522 0.472553 0.096230 0.116402
0 0.676835 0.536541 0.078373 0.114087
1 0.477431 0.341270 0.099206 0.082011
1 0.543527 0.362103 0.063244 0.125661
1 0.429067 0.458168 0.111111 0.108796
1 0.529886 0.568948 0.160962 0.051257
1 0.586682 0.501323 0.063244 0.163360
1 0.662698 0.332176 0.044147 0.055225
2 0.365451 0.517361 0.080109 0.114087
2 0.421007 0.390377 0.156002 0.143849
2 0.464658 0.500827 0.038442 0.044643
2 0.557044 0.466601 0.124008 0.208995
