0 0.495908 0.340774 0.062252 0.100198
0 0.391989 0.480489 0.110367 0.087302
0 0.428695 0.448413 0.152034 0.091931
0 0.485491 0.407903 0.129712 0.108796
0 0.559152 0.473049 0.094494 0.213294
0 0.639509 0.519841 0.141617 0.160053
1 0.418775 0.319940 0.127232 0.204034
1 0.583581 0.374339 0.136905 0.139550
1 0.453497 0.513558 0.155010 0.151455
1 0.498760 0.650132 0.143353 0.177249
1 0.524306 0.614418 0.131944 0.173942
2 0.457465 0.320437 0.100942 0.187831
2 0.673115 0.491733 0.144841 0.163360
2 0.604787 0.563161 0.065724 0.125000
2 0.611111 0.670304 0.105655 0.153439
