0 0.475446 0.406911 0.146329 0.089616
0 0.442708 0.539187 0.157738 0.121362
0 0.602803 0.539187 0.168899 0.115410
0 0.586310 0.478340 0.061012 0.057870
0 0.573165 0.599372 0.159226 0.094907
1 0.570809 0.346230 0.085565 0.198413
1 0.582341 0.342262 0.123016 0.126984
1 0.650794 0.420800 0.087302 0.147156
1 0.400298 0.412864 0.032738 0.065146
1 0.415923 0.471396 0.092758 0.096892
1 0.443080 0.608962 0.080109 0.092923
2 0.408730 0.318948 0.066468 0.125992
2 0.495908 0.424438 0.155010 0.152447
2 0.603547 0.398975 0.080605 0.133267
2 0.639509 0.552910 0.061756 0.151455
2 0.601935 0.650132 0.180060 0.078704
2 0.465898 0.467593 0.087054 0.064153
2 0.500372 0.576389 0.076141 0.208995
0 0.462674 0.333829 0.084077 0.094907
2 0.509549 0.330522 0.073661 0.114087
