0 0.472222 0.665013 0.152778 0.164021
0 0.555184 0.615906 0.115327 0.145172
0 0.636657 0.539683 0.063988 0.073413
0 0.521949 0.422288 0.076141 0.186508
0 0.635541 0.387731 0.094990 0.091601
1 0.356647 0.520999 0.062500 0.119378
1 0.449901 0.567460 0.080853 0.082011
1 0.520337 0.587632 0.109623 0.163360
1 0.674355 0.435681 0.125000 0.089616
2 0.561012 0.349868 0.109623 0.078042
2 0.585565 0.472884 0.078373 0.179233
2 0.650422 0.490575 0.095982 0.092923
2 0.582713 0.630456 0.133681 0.169643
2 0.479911 0.453704 0.070437 0.179233
2 0.469494 0.476190 0.140873 0.205026
2 0.399430 0.482143 0.092014 0.212302
