0 0.459077 0.313492 0.177579 0.101190
0 0.354291 0.385582 0.065724 0.181217
0 0.446305 0.597884 0.137649 0.064153
0 0.410714 0.561508 0.047123 0.029762
0 0.593502 0.621858 0.177579 0.114087
0 0.626364 0.454861 0.158482 0.149140
0 0.545139 0.499008 0.044147 0.071429
1 0.354291 0.571098 0.073661 0.217593
1 0.455605 0.515708 0.152778 0.087632
1 0.398686 0.402612 0.090526 0.091601
1 0.478299 0.432374 0.110367 0.174934
1 0.532614 0.352513 0.102431 0.140873
1 0.605531 0.435185 0.140625 0.203704
1 0.673611 0.537533 0.057540 0.171627
2 0.449901 0.520999 0.119048 0.228505
2 0.575893 0.559854 0.164683 0.099206
2 0.457093 0.658730 0.164187 0.102513
2 0.623512 0.659226 0.165675 0.101521
2 0.581101 0.422288 0.146329 0.105820
2 0.614335 0.330026 0.073413 0.106481
2 0.668775 0.342923 0.089534 0.106481
