0 0.376736 0.276124 0.139385 0.156746
0 0.622396 0.313988 0.116815 0.110780
0 0.558780 0.477679 0.152778 0.180225
0 0.438740 0.563161 0.159226 0.045635
1 0.329861 0.520503 0.074405 0.150132
1 0.445188 0.584491 0.186508 0.043981
1 0.434276 0.506614 0.161706 0.092593
1 0.400298 0.367394 0.064980 0.121693
1 0.457589 0.375992 0.099206 0.198413
1 0.525918 0.369048 0.111359 0.203704
2 0.348710 0.377480 0.131448 0.227183
2 0.546255 0.540840 0.158482 0.139881
2 0.649554 0.585648 0.075397 0.050265
2 0.660714 0.566964 0.065476 0.091601
2 0.632688 0.505622 0.099206 0.097222
2 0.616691 0.410053 0.161458 0.138889
2 0.614707 0.405754 0.132192 0.121693
