0 0.474702 0.277282 0.066468 0.058532
0 0.551215 0.307209 0.095982 0.097222
0 0.449033 0.467758 0.106399 0.211310
0 0.418775 0.523148 0.050347 0.078704
0 0.481895 0.571759 0.083829 0.088624
0 0.635169 0.467593 0.126488 0.168651
1 0.368304 0.489583 0.116071 0.171627
1 0.538318 0.384425 0.091022 0.079034
1 0.414311 0.376984 0.059276 0.048942
1 0.531994 0.534888 0.107143 0.121362
1 0.632316 0.570106 0.077629 0.083333
2 0.443576 0.329034 0.148065 0.085317
2 0.377108 0.415840 0.114335 0.188823
2 0.496404 0.429233 0.099950 0.158069
2 0.581225 0.486276 0.120784 0.206019
2 0.537574 0.618552 0.158482 0.112103
2 0.473958 0.641038 0.119048 0.154431
