0 0.400670 0.431878 0.065724 0.182540
0 0.450769 0.389716 0.055308 0.174934
0 0.567832 0.333333 0.081597 0.068122
0 0.634425 0.418651 0.084821 0.113095
0 0.641617 0.561508 0.078373 0.191799
0 0.494296 0.570106 0.056052 0.064153
1 0.527902 0.382275 0.052827 0.170635
1 0.595114 0.365245 0.128224 0.187500
1 0.503100 0.503307 0.152034 0.088624
1 0.389137 0.576389 0.075893 0.162037
1 0.597098 0.549769 0.071181 0.194114
2 0.485615 0.372189 0.070437 0.195437
2 0.446677 0.587136 0.069444 0.136574
2 0.508681 0.610615 0.078373 0.087632
2 0.544767 0.571594 0.065724 0.169643
