0 0.702753 0.323082 0.167411 0.337963
0 0.555928 0.366898 0.164931 0.321098
0 0.631200 0.478175 0.148810 0.198413
0 0.511037 0.526951 0.081597 0.092923
0 0.324405 0.618221 0.138393 0.213294
0 0.303819 0.714616 0.191964 0.252646
0 0.429936 0.724206 0.183284 0.316799
1 0.813988 0.407407 0.101687 0.173942
1 0.607019 0.425099 0.081597 0.138558
1 0.537078 0.690146 0.200645 0.382937
1 0.595858 0.746693 0.108879 0.212302
1 0.285094 0.530093 0.192708 0.201720
1 0.243924 0.499173 0.172867 0.246362
1 0.443080 0.299107 0.075149 0.221892
2 0.612351 0.266700 0.119048 0.218585
2 0.496652 0.281415 0.144097 0.297619
2 0.364707 0.384590 0.113839 0.292328
2 0.422371 0.549769 0.150298 0.305225
2 0.691964 0.588294 0.207837 0.283730
1 0.493924 0.576554 0.053819 0.051257
