0 0.447917 0.354001 0.134425 0.124669
0 0.584325 0.416005 0.112599 0.165344
0 0.652654 0.447917 0.108879 0.092923
0 0.401166 0.562169 0.076141 0.107804
1 0.441964 0.353505 0.093750 0.215608
1 0.551463 0.381283 0.104911 0.168651
1 0.479911 0.587632 0.158234 0.175926
1 0.617188 0.496528 0.090526 0.087632
1 0.577877 0.572090 0.096726 0.104497
1 0.519965 0.487930 0.054315 0.074405
2 0.516245 0.279927 0.071181 0.143188
2 0.365575 0.444775 0.099206 0.125000
2 0.396701 0.491071 0.097470 0.115079
2 0.459077 0.479001 0.091270 0.131283
2 0.510293 0.551918 0.088046 0.097884
2 0.481523 0.421792 0.059276 0.192130
