0 0.434276 0.337963 0.169643 0.154762
0 0.477059 0.305556 0.064732 0.097884
0 0.616815 0.392030 0.070437 0.172950
0 0.646701 0.527943 0.040923 0.105489
0 0.433160 0.520337 0.171875 0.103505
1 0.652654 0.361607 0.044891 0.120701
1 0.675967 0.490079 0.089534 0.177249
1 0.571925 0.517692 0.118552 0.081019
1 0.607515 0.483796 0.050347 0.066138
1 0.573537 0.565807 0.175843 0.046958
1 0.398313 0.574405 0.161706 0.038360
1 0.346726 0.514550 0.067956 0.102513
2 0.573909 0.289517 0.160714 0.117394
2 0.564360 0.388724 0.112847 0.119378
2 0.518725 0.454861 0.157490 0.102183
2 0.426339 0.371693 0.062500 0.205026
2 0.371900 0.381283 0.070188 0.200397
2 0.344246 0.430886 0.039187 0.133598
