0 0.470238 0.318287 0.148810 0.164352
0 0.587054 0.453704 0.112103 0.236772
0 0.554688 0.419643 0.050347 0.074735
0 0.659846 0.579696 0.060764 0.158069
0 0.429563 0.485284 0.030258 0.039352
1 0.379588 0.456019 0.071181 0.095899
1 0.398313 0.506614 0.078373 0.060847
1 0.451513 0.572751 0.114335 0.107804
1 0.495164 0.519511 0.159970 0.148148
1 0.571181 0.635251 0.155258 0.189815
1 0.630828 0.540840 0.106399 0.208003
2 0.415551 0.437169 0.056796 0.099206
2 0.461558 0.406250 0.084821 0.180225
2 0.537078 0.349868 0.119296 0.109788
2 0.516741 0.448413 0.091022 0.162037
2 0.685516 0.455853 0.129464 0.192130
2 0.539931 0.669312 0.132937 0.134259
2 0.598338 0.522156 0.072173 0.168651
