0 0.411954 0.613261 0.062500 0.116071
0 0.514757 0.653770 0.163938 0.035053
0 0.537946 0.634590 0.087302 0.039683
0 0.485863 0.411706 0.108135 0.186508
0 0.588418 0.490079 0.099950 0.078704
1 0.411458 0.332341 0.152778 0.085317
1 0.537078 0.426091 0.104911 0.211310
1 0.498760 0.596726 0.160714 0.127976
1 0.372272 0.485284 0.053571 0.118717
1 0.412698 0.432044 0.061012 0.086310
1 0.410714 0.511905 0.077381 0.109788
2 0.494668 0.327877 0.042411 0.063823
2 0.409474 0.399967 0.143849 0.075728
2 0.356275 0.600364 0.079117 0.150463
2 0.505952 0.538525 0.146329 0.084325
2 0.603051 0.540179 0.089534 0.221892
2 0.610367 0.385582 0.076885 0.132275
