0 0.473090 0.383433 0.162450 0.106812
0 0.384301 0.536376 0.068204 0.088624
0 0.459945 0.559524 0.095982 0.113095
0 0.499876 0.597388 0.100942 0.122685
0 0.587922 0.507606 0.105407 0.071429
1 0.362723 0.461806 0.136657 0.096892
1 0.447173 0.493717 0.078373 0.165344
1 0.549107 0.541832 0.095238 0.101521
1 0.626736 0.453869 0.083829 0.117394
2 0.530382 0.335813 0.144097 0.114087
2 0.556300 0.294312 0.058532 0.052249
2 0.619048 0.370040 0.071925 0.109788
2 0.686012 0.416997 0.095238 0.099206
2 0.521453 0.456019 0.158482 0.113095
2 0.580729 0.581184 0.128224 0.171627
2 0.530630 0.623843 0.063244 0.086310
