0 0.399926 0.366898 0.155010 0.186839
0 0.410342 0.353505 0.152034 0.057540
0 0.408358 0.411210 0.156002 0.087632
0 0.620412 0.516204 0.084077 0.080026
0 0.679936 0.551422 0.086558 0.159061
0 0.638269 0.663856 0.193700 0.119378
1 0.457465 0.311343 0.164931 0.112103
1 0.589162 0.325397 0.128720 0.071429
1 0.580729 0.346561 0.097470 0.092593
1 0.651166 0.362103 0.108879 0.106481
1 0.689856 0.436839 0.084077 0.095899
1 0.363591 0.550926 0.067956 0.140873
1 0.413070 0.469907 0.056796 0.057540
1 0.438740 0.626488 0.075893 0.183532
1 0.501612 0.596726 0.073661 0.219907
2 0.340774 0.550265 0.092758 0.099206
2 0.358383 0.654927 0.112103 0.105489
2 0.407490 0.541832 0.083829 0.171627
2 0.469122 0.463459 0.112847 0.149140
2 0.578001 0.416501 0.168899 0.138558
2 0.559152 0.580853 0.174355 0.100198
2 0.544023 0.665509 0.095982 0.092923
