0 0.542287 0.485284 0.081597 0.139881
0 0.545883 0.581845 0.052083 0.044643
0 0.640005 0.555721 0.158482 0.103505
0 0.593502 0.514716 0.143849 0.117394
0 0.521081 0.548115 0.044147 0.047950
1 0.393973 0.469246 0.176835 0.139550
1 0.495164 0.292659 0.124752 0.151455
1 0.571553 0.382275 0.092014 0.091931
1 0.626736 0.444279 0.131944 0.087632
1 0.659598 0.316634 0.127232 0.227183
1 0.572669 0.341766 0.062500 0.044643
2 0.591146 0.294312 0.111855 0.105820
2 0.397445 0.354663 0.167907 0.091601
2 0.505952 0.391369 0.075893 0.216601
2 0.398686 0.418651 0.156002 0.068122
2 0.354291 0.548115 0.072173 0.086310
2 0.475198 0.512897 0.076885 0.109788
2 0.443576 0.571759 0.176835 0.080026
2 0.669519 0.497024 0.057788 0.067460
