0 0.609995 0.387235 0.143105 0.175926
0 0.456349 0.576554 0.133433 0.153770
0 0.473958 0.650132 0.104663 0.138889
0 0.459449 0.457011 0.056796 0.034392
1 0.400298 0.466601 0.117560 0.185847
1 0.577877 0.453373 0.066468 0.128968
1 0.578745 0.577546 0.055308 0.110780
1 0.617932 0.660714 0.094990 0.140873
1 0.687500 0.556713 0.069444 0.114087
1 0.708705 0.466104 0.091022 0.133267
2 0.463170 0.263393 0.097470 0.214616
2 0.362723 0.430225 0.122272 0.170635
2 0.443948 0.389385 0.112103 0.150463
2 0.518353 0.370701 0.070437 0.198413
2 0.503100 0.504960 0.156994 0.087302
2 0.548735 0.644676 0.086558 0.221892
2 0.622768 0.534226 0.095238 0.188823
