0 0.539931 0.407903 0.145833 0.134590
0 0.616815 0.384094 0.063988 0.188823
0 0.503968 0.473049 0.105655 0.081019
0 0.596230 0.555556 0.088790 0.099206
1 0.400298 0.351521 0.060020 0.113095
1 0.435144 0.516204 0.062252 0.088624
1 0.526662 0.563657 0.140129 0.136574
1 0.559896 0.611111 0.076637 0.062831
1 0.555556 0.494874 0.152778 0.173611
1 0.567088 0.299769 0.083085 0.152447
2 0.517485 0.297123 0.073661 0.155754
2 0.477927 0.355655 0.122520 0.102183
2 0.441096 0.421792 0.076141 0.155754
2 0.382688 0.413194 0.079365 0.213294
2 0.381076 0.570106 0.077629 0.132275
2 0.457465 0.577546 0.158482 0.119378
2 0.614335 0.563161 0.063988 0.167328
