0 0.400670 0.396660 0.067212 0.077712
0 0.466642 0.386078 0.135169 0.141865
0 0.679439 0.457011 0.106399 0.162037
0 0.595858 0.596230 0.139137 0.193122
0 0.546255 0.633598 0.089534 0.173942
1 0.549479 0.306713 0.147073 0.155754
1 0.504712 0.335483 0.143849 0.136574
1 0.449033 0.429894 0.064732 0.062831
1 0.461930 0.556217 0.071181 0.113095
1 0.454737 0.622354 0.043899 0.053571
1 0.576265 0.508763 0.099950 0.105489
1 0.639509 0.421296 0.085565 0.175926
2 0.368676 0.477844 0.108879 0.177910
2 0.414807 0.523644 0.120784 0.195437
2 0.499876 0.482639 0.083085 0.091601
2 0.503224 0.607474 0.113591 0.191799
2 0.559524 0.433036 0.124008 0.107474
