0 0.707217 0.333829 0.209573 0.319114
0 0.289435 0.358796 0.126488 0.149471
0 0.269469 0.483135 0.086558 0.193122
0 0.455109 0.561012 0.255952 0.220569
0 0.602307 0.500827 0.118304 0.106812
0 0.685516 0.620866 0.155258 0.293320
0 0.549603 0.644676 0.212798 0.260251
1 0.332341 0.330026 0.058532 0.044974
1 0.481523 0.320437 0.051339 0.036376
1 0.389509 0.355159 0.142609 0.265873
1 0.545511 0.398975 0.249752 0.150463
2 0.581845 0.347718 0.187996 0.103505
2 0.725942 0.536541 0.167163 0.301918
2 0.354663 0.488426 0.242560 0.128968
2 0.274306 0.619709 0.185516 0.229497
2 0.414311 0.653770 0.267113 0.222884
