0 0.440724 0.318948 0.150298 0.112103
0 0.587426 0.325231 0.156002 0.094907
0 0.405134 0.552579 0.056796 0.069444
1 0.611979 0.355159 0.167907 0.097222
1 0.459821 0.394511 0.070437 0.128968
1 0.499876 0.370536 0.038442 0.063823
1 0.442708 0.452216 0.167163 0.118717
1 0.565476 0.484127 0.134425 0.050265
1 0.664311 0.460813 0.071181 0.141865
1 0.372768 0.500661 0.171131 0.162037
1 0.571553 0.572751 0.184772 0.037037
2 0.395461 0.299603 0.156002 0.146164
2 0.349826 0.403770 0.063244 0.115079
2 0.367560 0.430721 0.139881 0.188823
2 0.563120 0.428737 0.161458 0.086310
2 0.565972 0.474537 0.095238 0.082011
2 0.504712 0.539187 0.172619 0.089616
2 0.684276 0.497520 0.082341 0.192130
