0 0.435020 0.447421 0.084821 0.198413
0 0.531126 0.403604 0.137649 0.098214
0 0.531622 0.481151 0.135169 0.099206
0 0.656002 0.528935 0.084821 0.139881
1 0.420263 0.383929 0.120784 0.173942
1 0.506324 0.512566 0.147073 0.134259
1 0.463046 0.541336 0.063988 0.068122
1 0.504340 0.668155 0.148065 0.176918
1 0.721478 0.503307 0.071925 0.099206
1 0.621156 0.533730 0.064732 0.123677
2 0.530010 0.287533 0.109623 0.081019
2 0.539931 0.346726 0.151786 0.122685
2 0.605903 0.437335 0.164187 0.116071
2 0.350322 0.451720 0.089534 0.119709
2 0.411210 0.551422 0.113591 0.150463
2 0.596230 0.575893 0.067956 0.105489
