0 0.433036 0.393684 0.146329 0.075728
0 0.581969 0.461310 0.141617 0.125661
0 0.508805 0.548776 0.158482 0.083003
0 0.545883 0.570106 0.175099 0.134259
1 0.563988 0.301753 0.140873 0.101521
1 0.577133 0.380787 0.157738 0.114087
1 0.445933 0.475198 0.162202 0.091931
1 0.394345 0.572255 0.089782 0.145172
2 0.465154 0.342262 0.136657 0.082011
2 0.428323 0.454861 0.151290 0.083003
2 0.533482 0.420800 0.063988 0.087632
2 0.377976 0.536376 0.031250 0.090608
2 0.564360 0.606316 0.168899 0.072421
2 0.445933 0.601025 0.098214 0.087632
1 0.633185 0.521495 0.095238 0.107804
