0 0.392609 0.437335 0.049603 0.112103
0 0.509177 0.437169 0.122520 0.184524
0 0.585938 0.332837 0.071181 0.133267
0 0.595610 0.475198 0.106399 0.177249
0 0.484251 0.529597 0.148065 0.119378
1 0.346230 0.406911 0.148810 0.239087
1 0.388765 0.541336 0.115327 0.215608
1 0.445561 0.342923 0.123264 0.093915
1 0.558284 0.400463 0.120040 0.091931
1 0.632688 0.375992 0.070437 0.138889
2 0.516741 0.300099 0.065724 0.155754
2 0.468750 0.447917 0.126488 0.116071
2 0.444692 0.578704 0.075397 0.215608
2 0.491939 0.605820 0.060764 0.082011
2 0.538318 0.604332 0.163442 0.213294
2 0.657986 0.454365 0.095238 0.125000
