0 0.541915 0.486938 0.085813 0.083003
0 0.450273 0.533730 0.161458 0.093915
0 0.411086 0.652778 0.167907 0.092593
0 0.443452 0.648479 0.151290 0.103175
0 0.684028 0.566303 0.084821 0.101521
1 0.335193 0.391865 0.088046 0.130291
1 0.455605 0.326389 0.159226 0.090608
1 0.446677 0.401620 0.154266 0.087632
1 0.380704 0.466601 0.140873 0.205026
1 0.357019 0.564649 0.063244 0.042659
1 0.593874 0.333168 0.127232 0.125992
1 0.645957 0.463459 0.120784 0.125992
1 0.570312 0.511409 0.158482 0.125992
2 0.347470 0.325231 0.075893 0.103505
2 0.551091 0.388062 0.139385 0.169643
2 0.670759 0.373181 0.096974 0.150463
2 0.451141 0.470899 0.121528 0.104497
2 0.425099 0.601521 0.175099 0.148148
2 0.586310 0.578538 0.174603 0.117394
2 0.587178 0.666667 0.188740 0.109788
