0 0.337426 0.530093 0.139137 0.126984
0 0.456721 0.476852 0.128224 0.099206
0 0.447173 0.361111 0.120040 0.057540
0 0.695933 0.545470 0.104167 0.110780
1 0.514385 0.318948 0.171131 0.120701
1 0.629960 0.329530 0.124008 0.120701
1 0.538814 0.444775 0.112847 0.092593
1 0.552703 0.491733 0.107391 0.071429
1 0.614707 0.501323 0.156002 0.154762
1 0.370288 0.607970 0.198413 0.069114
2 0.339906 0.329530 0.076637 0.137897
2 0.434276 0.396825 0.161706 0.137566
2 0.371032 0.462963 0.134425 0.173942
2 0.475446 0.555060 0.167163 0.108796
2 0.551959 0.611772 0.182292 0.076720
2 0.573909 0.406415 0.154266 0.116402
2 0.664435 0.427083 0.095238 0.149140
