0 0.521205 0.297619 0.114335 0.165344
0 0.485491 0.371528 0.088046 0.155754
0 0.442212 0.383433 0.063988 0.125992
0 0.463542 0.669808 0.095238 0.133267
0 0.509921 0.599868 0.048611 0.083333
0 0.643849 0.537037 0.092758 0.097884
1 0.413442 0.299769 0.071925 0.169643
1 0.327877 0.411706 0.078373 0.193122
1 0.529514 0.447421 0.099206 0.210979
1 0.603547 0.393022 0.082589 0.117394
1 0.551463 0.522487 0.069692 0.173942
1 0.562376 0.576554 0.100942 0.223876
1 0.388393 0.569610 0.095238 0.148479
2 0.373884 0.448909 0.098462 0.180225
2 0.401414 0.433532 0.102431 0.181217
2 0.479911 0.483796 0.100694 0.208995
2 0.465154 0.604332 0.128720 0.211310
2 0.614707 0.619709 0.079117 0.109788
2 0.623512 0.455522 0.090278 0.094907
2 0.461062 0.272487 0.058532 0.111111
