0 0.427455 0.341270 0.156002 0.122354
0 0.535218 0.457507 0.105655 0.180225
0 0.617932 0.464947 0.079117 0.201720
0 0.623512 0.608962 0.083829 0.133267
1 0.557540 0.290509 0.076885 0.166336
1 0.513889 0.357804 0.052083 0.048942
1 0.436384 0.393519 0.148065 0.083995
1 0.455853 0.452712 0.092758 0.113095
1 0.431548 0.550926 0.067956 0.115079
1 0.467510 0.587798 0.103175 0.188823
1 0.503100 0.563657 0.107391 0.219907
2 0.607143 0.322586 0.073413 0.124008
2 0.475570 0.307540 0.106399 0.093915
2 0.579985 0.426091 0.110367 0.159722
2 0.384301 0.487930 0.107887 0.221892
2 0.376736 0.569114 0.073413 0.207011
2 0.402282 0.628803 0.094246 0.098214
2 0.549479 0.595734 0.075149 0.168320
2 0.573041 0.601521 0.063244 0.146164
