0 0.496652 0.408565 0.153522 0.124669
0 0.477431 0.358796 0.056052 0.076720
0 0.503100 0.523148 0.124752 0.128307
0 0.554812 0.561012 0.074405 0.092923
0 0.474330 0.608466 0.166419 0.119709
1 0.539062 0.227679 0.065724 0.129960
1 0.503472 0.318287 0.074405 0.119378
1 0.559524 0.353009 0.088790 0.176257
1 0.597470 0.459656 0.126488 0.126984
1 0.619544 0.524140 0.119048 0.123677
1 0.403522 0.440972 0.069444 0.138558
1 0.369916 0.463294 0.106399 0.140873
2 0.613963 0.366898 0.084077 0.112103
2 0.686384 0.437335 0.068700 0.084325
2 0.433532 0.350860 0.063988 0.109788
2 0.464782 0.485780 0.150298 0.168651
2 0.490699 0.458664 0.148065 0.069444
2 0.331845 0.484788 0.057540 0.091931
2 0.376240 0.549272 0.066468 0.099206
