0 0.461186 0.378638 0.042411 0.054233
0 0.372272 0.446925 0.075893 0.124669
0 0.423859 0.537533 0.126488 0.105489
0 0.625124 0.371197 0.138641 0.139881
0 0.624380 0.463294 0.084077 0.113095
1 0.679936 0.442626 0.102431 0.122685
1 0.695064 0.533234 0.088046 0.094907
1 0.536830 0.396164 0.145585 0.095899
1 0.535466 0.459160 0.117560 0.077050
1 0.559152 0.448909 0.065724 0.067130
1 0.550843 0.529597 0.173611 0.108796
1 0.416295 0.380787 0.066220 0.152447
1 0.342262 0.497520 0.091270 0.209325
2 0.362723 0.386078 0.071181 0.126653
2 0.519097 0.317295 0.091270 0.106812
2 0.438368 0.435185 0.108879 0.135582
2 0.447545 0.584987 0.135169 0.040344
2 0.567088 0.578042 0.179315 0.035053
2 0.630208 0.544974 0.049603 0.078042
