0 0.435516 0.386078 0.245536 0.188823
0 0.315104 0.541171 0.166419 0.164352
0 0.494792 0.478340 0.251984 0.251653
0 0.397941 0.239914 0.115823 0.137897
0 0.366319 0.299107 0.073413 0.089616
0 0.483879 0.726852 0.169643 0.271164
1 0.460317 0.211640 0.096726 0.091931
1 0.490327 0.264550 0.206349 0.182540
1 0.585938 0.291171 0.144593 0.195437
1 0.663442 0.450066 0.187996 0.197090
1 0.746776 0.599868 0.130456 0.236772
1 0.603547 0.648479 0.261657 0.353175
1 0.455977 0.628803 0.115327 0.115410
1 0.198289 0.445271 0.142609 0.239087
2 0.328373 0.327877 0.165675 0.149140
2 0.277902 0.410549 0.117808 0.167659
2 0.675967 0.377646 0.175843 0.212302
2 0.638393 0.477844 0.107143 0.128968
2 0.627976 0.684193 0.190476 0.343254
2 0.364707 0.669312 0.185764 0.207011
