0 0.468750 0.347718 0.084821 0.171627
0 0.397817 0.435681 0.067956 0.059854
0 0.535466 0.451720 0.131944 0.102513
0 0.589534 0.637897 0.063988 0.137566
0 0.646329 0.625496 0.078373 0.098214
1 0.655878 0.475694 0.095982 0.225198
1 0.725942 0.471892 0.083829 0.140873
1 0.439112 0.485946 0.166419 0.147156
1 0.363839 0.520503 0.126488 0.152778
1 0.495908 0.590278 0.169395 0.160053
1 0.522321 0.662864 0.179067 0.187500
2 0.519469 0.362599 0.076141 0.129299
2 0.581101 0.374339 0.069444 0.133598
2 0.616815 0.460152 0.049603 0.145172
2 0.603423 0.540840 0.095238 0.139881
2 0.451513 0.439980 0.066220 0.068452
