0 0.421131 0.373181 0.074405 0.197421
0 0.490327 0.367394 0.125000 0.136243
0 0.589410 0.386574 0.067212 0.134259
0 0.564732 0.470403 0.097718 0.150463
0 0.520709 0.556713 0.086558 0.220569
1 0.538690 0.336475 0.101687 0.121362
1 0.442336 0.463955 0.145585 0.180556
1 0.400794 0.588790 0.084821 0.135251
1 0.465154 0.590939 0.084077 0.163360
1 0.588666 0.597884 0.094494 0.151455
0 0.647569 0.481481 0.045635 0.068122
2 0.645833 0.311839 0.080853 0.170635
2 0.627852 0.473049 0.089534 0.183532
2 0.658730 0.541667 0.075893 0.099206
2 0.642733 0.611607 0.093502 0.110780
2 0.494296 0.475694 0.083333 0.105489
2 0.455109 0.400463 0.028770 0.066138
