0 0.382688 0.519345 0.080853 0.199405
0 0.427579 0.393684 0.080853 0.141865
0 0.523562 0.335979 0.138393 0.152778
0 0.550347 0.426753 0.108631 0.094907
0 0.602803 0.533234 0.069692 0.120701
0 0.652406 0.533896 0.135169 0.155754
0 0.495908 0.530589 0.065724 0.121362
1 0.560764 0.355655 0.147321 0.119378
1 0.625124 0.452216 0.103423 0.188823
1 0.533978 0.583499 0.072917 0.120701
1 0.458829 0.634094 0.138393 0.174934
1 0.320312 0.496528 0.068204 0.119378
2 0.680432 0.429233 0.112847 0.144841
2 0.488343 0.434028 0.098214 0.133267
2 0.437500 0.507606 0.076885 0.126984
2 0.492436 0.614914 0.106399 0.127976
