0 0.348338 0.419147 0.269593 0.167659
0 0.384673 0.275628 0.083333 0.119378
0 0.515997 0.333168 0.251240 0.147156
0 0.519221 0.428737 0.116815 0.084325
0 0.503844 0.511905 0.265625 0.195106
0 0.367932 0.629795 0.115327 0.324405
1 0.297867 0.201554 0.116071 0.252976
1 0.608755 0.236111 0.195188 0.123677
1 0.328745 0.680390 0.302331 0.178241
1 0.363963 0.787698 0.238343 0.117063
1 0.611979 0.674107 0.302331 0.188823
1 0.616319 0.786706 0.306548 0.085317
1 0.385417 0.340112 0.043155 0.075728
2 0.445188 0.215939 0.208829 0.172619
2 0.282738 0.268188 0.130456 0.205026
2 0.620288 0.359292 0.279266 0.150463
2 0.534722 0.554067 0.309524 0.219907
2 0.687872 0.518353 0.123264 0.218585
2 0.284722 0.542824 0.121528 0.167659
