0 0.578001 0.402612 0.168899 0.256283
0 0.719246 0.457011 0.233631 0.238757
0 0.478795 0.578042 0.156002 0.304233
1 0.577877 0.230820 0.157738 0.234788
1 0.727059 0.357804 0.222470 0.158069
1 0.641121 0.390212 0.114583 0.126984
1 0.224702 0.476687 0.129464 0.171627
1 0.299851 0.486938 0.071925 0.258267
1 0.437128 0.697586 0.260169 0.272156
2 0.487475 0.272487 0.127232 0.151455
2 0.366815 0.440972 0.124008 0.326389
2 0.422743 0.334325 0.141617 0.187831
2 0.518229 0.500661 0.216022 0.313492
2 0.611111 0.665013 0.212798 0.253968
