0 0.563492 0.380787 0.172123 0.143849
0 0.594370 0.518353 0.110367 0.186839
0 0.363219 0.665013 0.052827 0.095899
0 0.467138 0.678902 0.182292 0.106481
0 0.601935 0.661872 0.143353 0.110780
1 0.436384 0.313492 0.106399 0.097222
1 0.562252 0.307540 0.171131 0.123677
1 0.664683 0.420139 0.078373 0.216601
1 0.537574 0.495370 0.065724 0.119709
2 0.365575 0.328538 0.147321 0.167659
2 0.320312 0.403108 0.084077 0.167328
2 0.356275 0.464451 0.162450 0.183532
2 0.324777 0.573909 0.068700 0.086310
2 0.385541 0.568452 0.075149 0.152778
2 0.512277 0.589782 0.156002 0.092923
2 0.466394 0.469246 0.075149 0.242063
