0 0.346602 0.574405 0.120784 0.198413
0 0.657862 0.300265 0.135169 0.121693
0 0.618800 0.494213 0.103175 0.117394
0 0.693080 0.518849 0.098462 0.166667
0 0.651166 0.713955 0.131200 0.093915
1 0.504712 0.290179 0.123016 0.122685
1 0.542659 0.475694 0.103175 0.244378
1 0.607143 0.588790 0.108631 0.110119
1 0.387029 0.704530 0.123264 0.100198
2 0.369916 0.393519 0.163938 0.257275
2 0.457589 0.367394 0.177579 0.236772
2 0.479911 0.489087 0.068948 0.153439
2 0.646329 0.406911 0.156746 0.157738
2 0.473958 0.620205 0.186508 0.124008
2 0.509177 0.728505 0.175099 0.137566
2 0.645957 0.659722 0.191220 0.191799
