0 0.529142 0.338624 0.104911 0.115079
0 0.649430 0.413856 0.067212 0.116071
0 0.597222 0.389220 0.067956 0.080026
0 0.425471 0.588294 0.137649 0.208995
0 0.490327 0.588790 0.120040 0.216601
0 0.622396 0.648479 0.167907 0.097222
1 0.462302 0.325397 0.084821 0.099206
1 0.541915 0.386078 0.096726 0.045966
1 0.586310 0.538194 0.094246 0.241071
1 0.639137 0.558366 0.054563 0.115410
1 0.347966 0.536541 0.100694 0.116071
1 0.367560 0.600364 0.067956 0.075728
2 0.378348 0.345569 0.095982 0.139550
2 0.373512 0.428241 0.145833 0.166667
2 0.420635 0.472553 0.070437 0.120370
2 0.493180 0.455357 0.135169 0.214286
2 0.544271 0.428737 0.093502 0.092923
2 0.649182 0.504464 0.098462 0.209987
2 0.394345 0.651290 0.089782 0.081019
