0 0.446305 0.372354 0.153522 0.118386
0 0.395957 0.461144 0.129712 0.174934
0 0.472718 0.543981 0.166171 0.158730
0 0.570312 0.486276 0.062252 0.065146
0 0.555556 0.573743 0.157738 0.088624
0 0.526662 0.663856 0.133681 0.145172
1 0.434648 0.266534 0.064732 0.148148
1 0.507440 0.309854 0.060020 0.111111
1 0.492808 0.684193 0.163194 0.187831
1 0.565476 0.653274 0.135913 0.093585
2 0.333209 0.433532 0.092014 0.134259
2 0.373512 0.563657 0.094246 0.153770
2 0.483135 0.458664 0.143849 0.118386
2 0.480283 0.264881 0.055308 0.132275
2 0.569196 0.350860 0.082341 0.097222
2 0.580729 0.419147 0.155010 0.096892
2 0.615947 0.489418 0.132688 0.118386
2 0.664683 0.561177 0.076885 0.099206
