0 0.520337 0.365741 0.160714 0.118386
0 0.410714 0.399967 0.080853 0.190807
0 0.371900 0.487930 0.073661 0.194114
0 0.378348 0.602513 0.103919 0.128968
0 0.499504 0.677910 0.109623 0.068122
0 0.483879 0.433532 0.094246 0.093915
1 0.555432 0.292659 0.098462 0.113095
1 0.635169 0.460813 0.071925 0.218585
1 0.434648 0.607474 0.114335 0.205026
2 0.367436 0.284226 0.084077 0.134590
2 0.371900 0.371032 0.047867 0.052249
2 0.468254 0.283069 0.130456 0.095899
2 0.614335 0.343915 0.083333 0.046958
2 0.567460 0.470403 0.103175 0.124669
2 0.482763 0.505952 0.162450 0.113095
2 0.530630 0.590939 0.141617 0.118386
2 0.579861 0.661376 0.092758 0.088624
