0 0.515129 0.359292 0.158234 0.133267
0 0.573537 0.407903 0.159970 0.098214
0 0.537450 0.486772 0.156746 0.085317
0 0.681920 0.412202 0.080605 0.068452
0 0.645957 0.461806 0.061756 0.086310
0 0.565972 0.553571 0.103175 0.111772
1 0.531126 0.265542 0.139137 0.150132
1 0.388641 0.408399 0.113591 0.175926
1 0.456349 0.609623 0.075893 0.129960
1 0.647941 0.541336 0.088046 0.113095
2 0.466022 0.264385 0.138393 0.208003
2 0.317956 0.488922 0.072917 0.108796
2 0.379836 0.492229 0.067212 0.100198
2 0.418775 0.508763 0.112847 0.227183
2 0.493552 0.583003 0.068948 0.113095
2 0.426339 0.651620 0.062500 0.086310
2 0.521577 0.647983 0.169643 0.181548
