0 0.587922 0.245040 0.174851 0.114418
0 0.488715 0.503307 0.162946 0.173942
0 0.657490 0.573413 0.095238 0.056217
0 0.437252 0.358796 0.052083 0.082011
0 0.427455 0.416832 0.073661 0.084987
0 0.468874 0.585317 0.083581 0.128968
0 0.408358 0.555060 0.094990 0.180886
0 0.338914 0.608631 0.078621 0.067130
1 0.678075 0.425926 0.081845 0.227513
1 0.549107 0.467427 0.085317 0.131283
1 0.630208 0.592593 0.176091 0.105820
1 0.518105 0.606316 0.053075 0.091601
1 0.349330 0.498843 0.122272 0.194114
1 0.390129 0.384259 0.057044 0.070767
1 0.540799 0.373016 0.148065 0.174603
2 0.624876 0.442460 0.092510 0.234127
2 0.570188 0.377480 0.127480 0.223214
2 0.491195 0.331184 0.067212 0.192130
2 0.387649 0.317956 0.066964 0.094907
2 0.440228 0.320767 0.046131 0.045635
2 0.648065 0.306382 0.069444 0.065146
2 0.341394 0.432870 0.060268 0.152116
