0 0.385665 0.339947 0.099206 0.103836
0 0.394717 0.402282 0.156994 0.140542
0 0.393973 0.460813 0.082589 0.053902
0 0.400546 0.567295 0.130456 0.194114
0 0.442212 0.498843 0.081845 0.090278
0 0.543651 0.420635 0.092758 0.079365
1 0.517609 0.299272 0.133433 0.136905
1 0.482887 0.447751 0.158234 0.162037
1 0.637153 0.542989 0.094246 0.226852
2 0.475446 0.335152 0.133433 0.168981
2 0.597594 0.432209 0.092510 0.148810
2 0.702505 0.489418 0.067708 0.109127
2 0.618180 0.544643 0.160466 0.128968
2 0.496652 0.608466 0.094494 0.221561
2 0.562748 0.668155 0.121032 0.192791
