0 0.516493 0.312996 0.134177 0.074405
0 0.398934 0.370205 0.057788 0.109458
0 0.468006 0.625661 0.148313 0.081349
0 0.491195 0.436508 0.062252 0.122354
0 0.541791 0.452050 0.060268 0.067460
0 0.446057 0.416667 0.047867 0.036376
0 0.580977 0.533069 0.046379 0.046296
0 0.538814 0.407903 0.056300 0.038690
1 0.506448 0.356647 0.137401 0.106151
1 0.389881 0.441634 0.074405 0.121362
1 0.548239 0.507110 0.092014 0.126653
1 0.501116 0.575562 0.157986 0.151124
1 0.603299 0.574405 0.100942 0.080688
2 0.433532 0.345073 0.034722 0.069775
2 0.443948 0.390212 0.047123 0.036376
2 0.589782 0.384590 0.062004 0.146825
2 0.622768 0.491071 0.076885 0.099206
2 0.471354 0.506118 0.101935 0.065146
2 0.383185 0.582672 0.062996 0.163360
2 0.595858 0.628968 0.117312 0.072751
2 0.444816 0.451058 0.060268 0.056217
