0 0.514385 0.310185 0.128472 0.117063
0 0.534970 0.389550 0.120040 0.121693
0 0.656250 0.520337 0.095734 0.120040
0 0.513889 0.483466 0.087798 0.138889
0 0.557416 0.528108 0.093502 0.056217
1 0.405878 0.361607 0.035466 0.102844
1 0.360367 0.538525 0.106647 0.136574
1 0.406374 0.512070 0.087550 0.134590
1 0.515997 0.602513 0.174851 0.191799
1 0.571057 0.591601 0.125744 0.092593
1 0.597966 0.506118 0.075397 0.093585
1 0.606275 0.414683 0.055308 0.115741
2 0.565228 0.273810 0.145833 0.143519
2 0.356275 0.405093 0.085069 0.183201
2 0.444320 0.413856 0.077629 0.233796
2 0.669519 0.403439 0.140625 0.166667
2 0.643849 0.452050 0.080853 0.091270
2 0.473462 0.663029 0.145833 0.132275
