0 0.324529 0.611276 0.095982 0.262235
0 0.671875 0.407242 0.059524 0.220569
0 0.330233 0.377149 0.042907 0.058532
0 0.364087 0.497189 0.128968 0.225860
0 0.443700 0.625661 0.165675 0.103836
0 0.608259 0.516534 0.066220 0.074735
1 0.480035 0.322917 0.134177 0.109458
1 0.531374 0.398479 0.149058 0.130291
1 0.435640 0.440972 0.088542 0.131283
1 0.616939 0.400628 0.075149 0.218585
1 0.433284 0.711640 0.149802 0.127646
1 0.659102 0.609127 0.149554 0.117063
2 0.375744 0.381779 0.099206 0.185516
2 0.466394 0.514881 0.105407 0.130952
2 0.542039 0.501157 0.091022 0.147817
2 0.555184 0.617890 0.144097 0.247024
2 0.628968 0.712302 0.165179 0.142196
2 0.686756 0.533730 0.074405 0.069444
