0 0.483135 0.311839 0.172619 0.151455
0 0.643477 0.332176 0.176835 0.110780
0 0.458333 0.494378 0.204861 0.113095
0 0.613839 0.643684 0.165675 0.124008
0 0.703125 0.676257 0.051091 0.058862
1 0.723586 0.494874 0.107887 0.201389
1 0.593874 0.390873 0.072669 0.072751
1 0.517981 0.412202 0.157490 0.136574
1 0.671131 0.597884 0.166171 0.102513
1 0.436632 0.631944 0.223958 0.144841
2 0.408234 0.375000 0.194444 0.160053
2 0.323909 0.498016 0.081845 0.120370
2 0.381944 0.565146 0.139881 0.060847
2 0.487599 0.585483 0.130456 0.096892
2 0.637897 0.511409 0.119048 0.106812
2 0.647569 0.419643 0.104663 0.138889
2 0.367188 0.366898 0.110367 0.209987
