0 0.361235 0.451554 0.129712 0.141204
0 0.544519 0.397983 0.139137 0.221892
0 0.640501 0.422288 0.120784 0.107143
0 0.521825 0.495040 0.075397 0.084656
0 0.640501 0.602017 0.185268 0.153108
0 0.696305 0.540179 0.085069 0.113426
1 0.408730 0.352183 0.163690 0.169974
1 0.470486 0.298776 0.113591 0.116071
1 0.380208 0.416005 0.111607 0.167989
1 0.560392 0.303075 0.067708 0.089616
1 0.624008 0.348214 0.130456 0.098545
1 0.417287 0.549603 0.193700 0.154101
2 0.325769 0.515377 0.068700 0.116733
2 0.336434 0.623347 0.093502 0.119048
2 0.458953 0.589947 0.197669 0.175265
2 0.574281 0.651620 0.150546 0.078373
2 0.592138 0.534722 0.098462 0.054233
2 0.637649 0.503803 0.063492 0.091601
2 0.497024 0.427745 0.060516 0.080357
2 0.465402 0.461475 0.038938 0.061839
