0 0.499008 0.287037 0.137401 0.148148
0 0.503596 0.360946 0.113343 0.203373
0 0.458333 0.414517 0.094246 0.045304
0 0.404266 0.531911 0.111607 0.202712
0 0.537450 0.647652 0.065476 0.101521
0 0.593006 0.657738 0.103175 0.138889
1 0.417907 0.357639 0.092758 0.154431
1 0.584697 0.396825 0.073661 0.179894
1 0.667411 0.471892 0.106647 0.193122
1 0.601314 0.525298 0.162946 0.213955
2 0.341022 0.413360 0.115575 0.193122
2 0.472842 0.521495 0.063740 0.208333
2 0.519717 0.551257 0.076141 0.148810
2 0.575273 0.577712 0.041419 0.091270
