0 0.606151 0.402778 0.066964 0.169974
0 0.520089 0.523810 0.139881 0.102513
0 0.367560 0.479663 0.039683 0.104828
0 0.414187 0.518684 0.086806 0.090278
0 0.443204 0.673611 0.143353 0.062831
0 0.488343 0.615245 0.067956 0.086971
1 0.509425 0.307044 0.110119 0.066468
1 0.530382 0.399471 0.114335 0.203042
1 0.359623 0.604828 0.073413 0.171958
1 0.614955 0.574901 0.102431 0.161045
1 0.631076 0.479497 0.078621 0.128968
2 0.386533 0.313657 0.062748 0.099537
2 0.384425 0.383763 0.066964 0.065146
2 0.444816 0.387897 0.073661 0.179894
2 0.488219 0.417328 0.044891 0.147487
2 0.584945 0.619544 0.163938 0.164352
2 0.427083 0.614087 0.074405 0.091270
