0 0.565972 0.229663 0.142361 0.116733
0 0.516369 0.385913 0.061508 0.093915
0 0.411706 0.432705 0.076885 0.081680
0 0.398065 0.571759 0.158730 0.138889
1 0.404762 0.337302 0.133929 0.111772
1 0.616567 0.420635 0.173611 0.097222
1 0.574777 0.534722 0.090030 0.160053
1 0.559524 0.649802 0.102679 0.152116
1 0.364955 0.409557 0.082589 0.061839
2 0.374132 0.483466 0.092510 0.107804
2 0.325645 0.484458 0.081845 0.066138
2 0.439856 0.509921 0.065228 0.110450
2 0.464286 0.382937 0.112599 0.101852
2 0.540799 0.310185 0.155010 0.141534
2 0.611235 0.313657 0.063740 0.106151
2 0.502728 0.535880 0.093750 0.237103
