0 0.432044 0.289187 0.170635 0.096892
0 0.299231 0.556217 0.060268 0.209656
0 0.463914 0.585483 0.093502 0.153108
0 0.519717 0.439153 0.086062 0.236111
0 0.647569 0.301422 0.071925 0.088294
0 0.671627 0.381614 0.076885 0.082672
1 0.348462 0.537368 0.119048 0.238095
1 0.555432 0.556878 0.081101 0.234788
1 0.588046 0.416005 0.071925 0.229497
2 0.329365 0.347718 0.069444 0.099537
2 0.440724 0.385747 0.116567 0.122685
2 0.420387 0.481151 0.105655 0.152116
2 0.658358 0.516534 0.144593 0.249339
2 0.471230 0.361442 0.052083 0.065476
