0 0.357515 0.413525 0.107391 0.133267
0 0.422867 0.358135 0.115575 0.146825
0 0.533482 0.312500 0.047123 0.064153
0 0.690972 0.521991 0.067956 0.061839
0 0.524306 0.514385 0.054067 0.083664
1 0.548735 0.420470 0.119296 0.200728
1 0.670759 0.449405 0.108383 0.119048
1 0.591394 0.551753 0.124752 0.129960
1 0.548735 0.728671 0.062748 0.065146
2 0.486235 0.295470 0.095486 0.155754
2 0.398934 0.489087 0.105903 0.138889
2 0.590154 0.403935 0.091022 0.203373
2 0.468130 0.496693 0.101935 0.198413
2 0.506944 0.576554 0.059028 0.073743
2 0.491691 0.648148 0.129216 0.115741
2 0.622768 0.612434 0.181052 0.229497
