0 0.385293 0.404597 0.103423 0.168981
0 0.597222 0.362103 0.066964 0.141534
0 0.640501 0.608631 0.082589 0.120040
0 0.520089 0.516038 0.044147 0.086971
1 0.455977 0.273148 0.154018 0.087302
1 0.490327 0.372520 0.080357 0.087632
1 0.398065 0.560020 0.165179 0.204034
1 0.554812 0.606978 0.120040 0.161045
1 0.609995 0.492890 0.110863 0.199405
2 0.417907 0.331184 0.143849 0.081680
2 0.349330 0.478505 0.071181 0.137566
2 0.430308 0.416832 0.051091 0.118056
2 0.490823 0.467427 0.076389 0.159722
2 0.547495 0.421627 0.055308 0.119048
2 0.562004 0.509921 0.049603 0.072751
2 0.424107 0.644345 0.091766 0.101521
2 0.474330 0.596561 0.099454 0.115741
2 0.499876 0.663194 0.089534 0.048611
1 0.542535 0.328538 0.058780 0.109458
