0 0.404638 0.439319 0.062748 0.110119
0 0.460441 0.568948 0.060268 0.078373
0 0.585938 0.589782 0.130704 0.186177
0 0.652158 0.400132 0.061260 0.115741
0 0.502356 0.444279 0.086062 0.111442
1 0.553571 0.315807 0.135913 0.134921
1 0.611979 0.390212 0.048859 0.102513
1 0.376612 0.485119 0.152034 0.179894
1 0.469618 0.496197 0.087054 0.091601
1 0.485863 0.599702 0.140873 0.146495
2 0.445188 0.348214 0.065972 0.111772
2 0.510293 0.370866 0.087054 0.147817
2 0.587302 0.418981 0.086806 0.097884
2 0.581473 0.468585 0.093502 0.095899
2 0.544023 0.514881 0.092014 0.095899
2 0.457961 0.434358 0.055308 0.065146
