0 0.318328 0.473545 0.075149 0.224868
0 0.378596 0.522156 0.078621 0.191799
0 0.378224 0.660384 0.196925 0.133598
0 0.569692 0.545800 0.189484 0.139881
0 0.690104 0.466931 0.092510 0.233466
1 0.480035 0.284888 0.188740 0.125992
1 0.640501 0.363095 0.077629 0.103836
1 0.503100 0.410714 0.079613 0.138889
1 0.604539 0.455357 0.094990 0.095899
1 0.448909 0.503968 0.071925 0.201720
1 0.589782 0.675761 0.116567 0.184193
2 0.354663 0.379134 0.075397 0.120701
2 0.415799 0.381944 0.118304 0.130291
2 0.499008 0.702877 0.106151 0.116733
2 0.519345 0.636078 0.073909 0.045304
0 0.688492 0.686839 0.090774 0.113757
