0 0.446801 0.243221 0.133681 0.188823
0 0.475942 0.379630 0.092758 0.171958
0 0.338666 0.473545 0.063244 0.069444
0 0.468750 0.489583 0.158234 0.135251
0 0.571925 0.388228 0.143849 0.114418
0 0.628720 0.393519 0.125000 0.177910
1 0.508805 0.294312 0.123264 0.101190
1 0.441096 0.388228 0.047371 0.120370
1 0.587550 0.576554 0.138393 0.241071
1 0.452381 0.542328 0.060020 0.068122
1 0.517113 0.673611 0.170635 0.191799
2 0.384301 0.346726 0.077629 0.150463
2 0.357887 0.412202 0.090278 0.125992
2 0.397445 0.544974 0.139137 0.177910
2 0.486731 0.573247 0.061756 0.072421
2 0.549107 0.625165 0.104663 0.141865
2 0.540303 0.452216 0.069692 0.073743
2 0.620784 0.540840 0.121528 0.216601
2 0.694444 0.537533 0.084821 0.159061
