0 0.395089 0.439980 0.062004 0.199405
0 0.444320 0.491071 0.117312 0.145503
0 0.498140 0.498843 0.119296 0.167659
0 0.520213 0.359788 0.067212 0.143519
0 0.602927 0.393684 0.071925 0.093585
1 0.668279 0.410053 0.139633 0.204365
1 0.626860 0.481812 0.070188 0.102513
1 0.450521 0.406911 0.058780 0.078373
1 0.410838 0.581019 0.094990 0.100529
1 0.532118 0.616733 0.168899 0.158730
2 0.449653 0.285880 0.111607 0.192130
2 0.334821 0.476190 0.073413 0.128968
2 0.355903 0.421131 0.036210 0.084987
2 0.474578 0.385251 0.048859 0.108466
2 0.574033 0.437169 0.063740 0.171958
2 0.567336 0.560185 0.073661 0.082672
