0 0.451141 0.296958 0.142361 0.066138
0 0.613219 0.301918 0.082589 0.087302
0 0.641369 0.583168 0.059524 0.151124
0 0.537078 0.502149 0.064732 0.141204
0 0.487847 0.483962 0.054067 0.086971
0 0.464162 0.475198 0.037946 0.080688
0 0.539683 0.421792 0.054563 0.050595
1 0.435888 0.352679 0.146577 0.084987
1 0.373636 0.457507 0.045387 0.120040
1 0.421255 0.480159 0.071181 0.087963
1 0.375372 0.573743 0.063740 0.099206
1 0.588046 0.524306 0.066964 0.209325
1 0.563988 0.633433 0.164683 0.075066
2 0.571057 0.350529 0.115823 0.191138
2 0.461434 0.395172 0.155010 0.117063
2 0.463914 0.559524 0.171379 0.094577
2 0.424603 0.631614 0.133929 0.049603
2 0.632688 0.495040 0.048611 0.049603
