0 0.269965 0.433366 0.082589 0.151124
0 0.373264 0.393353 0.155258 0.162368
0 0.491195 0.355489 0.080605 0.169974
0 0.544147 0.376323 0.066964 0.095238
0 0.573909 0.326720 0.042163 0.108466
0 0.485863 0.592593 0.072917 0.209656
0 0.595486 0.513228 0.065476 0.094577
1 0.515253 0.268353 0.121776 0.194114
1 0.447669 0.418981 0.070933 0.091270
1 0.369048 0.487434 0.133929 0.148810
1 0.411706 0.539683 0.142857 0.140873
1 0.420387 0.654266 0.089286 0.096892
1 0.428571 0.286872 0.059524 0.094907
2 0.636409 0.362599 0.130456 0.188823
2 0.570685 0.444940 0.106647 0.143188
2 0.520089 0.497851 0.073909 0.180886
