0 0.344370 0.312335 0.061260 0.119378
0 0.422867 0.319610 0.095734 0.047950
0 0.525422 0.460317 0.139137 0.132275
0 0.571553 0.512731 0.068700 0.073743
0 0.393105 0.560516 0.064484 0.099206
1 0.594742 0.347718 0.121528 0.185516
1 0.640129 0.325231 0.062004 0.083003
1 0.653770 0.436012 0.062996 0.068452
1 0.511409 0.406415 0.116071 0.072751
1 0.387401 0.381944 0.153770 0.117063
1 0.441468 0.432705 0.040675 0.068452
1 0.333581 0.497189 0.092758 0.120040
1 0.334449 0.581680 0.067708 0.085979
2 0.423239 0.264385 0.159474 0.100198
2 0.505580 0.337798 0.099454 0.106151
2 0.412574 0.474537 0.139633 0.198413
2 0.375372 0.620701 0.075149 0.041005
2 0.479291 0.572255 0.149058 0.146495
2 0.574405 0.581019 0.084325 0.054233
2 0.642981 0.543485 0.110863 0.206019
