0 0.384053 0.306382 0.081101 0.091601
0 0.406374 0.382937 0.102431 0.167989
0 0.508929 0.389054 0.067956 0.193452
0 0.601314 0.396991 0.029018 0.078373
0 0.515253 0.625661 0.166419 0.176587
1 0.343006 0.394015 0.066964 0.117394
1 0.564484 0.417328 0.065972 0.121032
1 0.652158 0.435847 0.115823 0.209656
1 0.577381 0.519180 0.131448 0.175265
1 0.612847 0.579861 0.098214 0.106812
1 0.403398 0.503307 0.167907 0.112434
1 0.412574 0.587632 0.065228 0.089286
2 0.475074 0.268684 0.069692 0.084987
2 0.310020 0.453208 0.048611 0.078373
2 0.446925 0.418485 0.104167 0.141204
