0 0.337674 0.529762 0.086062 0.198413
0 0.439112 0.497851 0.151538 0.094907
0 0.475942 0.327877 0.122520 0.110780
0 0.530382 0.581680 0.049851 0.092593
1 0.401414 0.341601 0.097470 0.138228
1 0.531746 0.448247 0.125000 0.174272
1 0.628224 0.418981 0.084325 0.097884
1 0.612351 0.540179 0.069444 0.172950
1 0.401414 0.596561 0.057788 0.056217
2 0.561136 0.331680 0.144097 0.113757
2 0.559524 0.397983 0.074405 0.084987
2 0.353795 0.393022 0.065228 0.077050
2 0.414683 0.425099 0.114087 0.081680
2 0.460565 0.578373 0.133433 0.099206
2 0.591766 0.392030 0.043155 0.035384
