0 0.611607 0.326720 0.157242 0.110450
0 0.645957 0.428406 0.108383 0.129960
0 0.432416 0.478009 0.098462 0.035384
0 0.514757 0.702216 0.089534 0.067130
0 0.595486 0.581019 0.028770 0.076058
1 0.445685 0.356481 0.086806 0.134921
1 0.410962 0.441634 0.121528 0.057209
1 0.490823 0.383598 0.062996 0.197751
1 0.550347 0.501157 0.086310 0.220569
1 0.594246 0.451554 0.087798 0.200728
1 0.623264 0.605324 0.064484 0.104828
1 0.575149 0.664848 0.074405 0.098214
2 0.725694 0.416667 0.087798 0.155423
2 0.366319 0.535880 0.116567 0.199405
2 0.452629 0.585979 0.075893 0.220238
2 0.511409 0.570602 0.061508 0.213955
2 0.659474 0.526455 0.074405 0.136905
