0 0.309276 0.237765 0.270337 0.162037
0 0.578001 0.182209 0.267113 0.193783
0 0.528398 0.430886 0.189732 0.305556
0 0.312128 0.817956 0.219990 0.197421
0 0.574405 0.828373 0.128968 0.138889
1 0.190600 0.421627 0.186756 0.339947
1 0.333953 0.505456 0.209077 0.187500
1 0.592262 0.347718 0.146329 0.207341
1 0.729043 0.392361 0.205109 0.349537
1 0.680184 0.573909 0.166915 0.334987
1 0.662822 0.742560 0.289435 0.240410
2 0.418403 0.435351 0.217758 0.342923
2 0.306796 0.663690 0.310020 0.246032
2 0.455729 0.785549 0.136657 0.352844
2 0.561012 0.601852 0.127480 0.122354
2 0.314112 0.404101 0.065228 0.070767
