0 0.625248 0.402778 0.159722 0.196429
0 0.697545 0.371362 0.102431 0.171296
0 0.795883 0.352017 0.138889 0.159061
0 0.636905 0.549107 0.111607 0.137897
0 0.765749 0.583664 0.301835 0.363757
0 0.496156 0.676918 0.264137 0.199735
0 0.267485 0.869213 0.176835 0.103505
1 0.224454 0.267196 0.119048 0.194444
1 0.195561 0.624008 0.155506 0.424603
1 0.283978 0.531911 0.070933 0.233796
1 0.458085 0.368717 0.178075 0.214286
1 0.511409 0.856647 0.349206 0.197421
1 0.770337 0.819114 0.193452 0.226190
2 0.339782 0.274471 0.237103 0.384921
2 0.552331 0.173280 0.237599 0.191799
2 0.588790 0.280258 0.207837 0.096892
2 0.430804 0.472553 0.197917 0.238095
2 0.299231 0.722057 0.148065 0.219246
