0 0.438120 0.134259 0.119792 0.197090
0 0.547867 0.281581 0.122520 0.266865
0 0.495288 0.342758 0.183036 0.279431
0 0.634301 0.603671 0.128224 0.275463
0 0.300099 0.693948 0.219246 0.299934
0 0.212798 0.541832 0.074405 0.096892
0 0.400174 0.318948 0.068700 0.066468
1 0.343502 0.230159 0.150298 0.173280
1 0.221974 0.395668 0.206845 0.292659
1 0.556548 0.565642 0.207837 0.303241
1 0.703373 0.570106 0.119048 0.142196
1 0.500372 0.843254 0.220982 0.175265
1 0.606647 0.767361 0.124008 0.131283
2 0.262153 0.476356 0.146329 0.219246
2 0.390997 0.472388 0.209077 0.297950
2 0.421627 0.600860 0.129960 0.241402
2 0.476687 0.696263 0.101190 0.134590
2 0.545883 0.699570 0.066964 0.149802
2 0.646701 0.470734 0.138145 0.137897
