0 0.371900 0.311343 0.073661 0.047950
0 0.363467 0.570106 0.076141 0.087302
0 0.438740 0.370701 0.082341 0.207011
0 0.542783 0.631944 0.189732 0.158069
0 0.615079 0.535384 0.121528 0.097222
1 0.392361 0.642692 0.151290 0.127976
1 0.426339 0.479497 0.056052 0.048942
1 0.475446 0.578208 0.052083 0.141865
1 0.503100 0.297123 0.147073 0.213294
1 0.593130 0.320437 0.119296 0.207011
2 0.587550 0.285880 0.154266 0.086310
2 0.487103 0.364749 0.063988 0.158730
2 0.357887 0.427745 0.075893 0.233796
2 0.531126 0.448413 0.169395 0.187831
2 0.605035 0.477348 0.170387 0.194114
2 0.516741 0.586475 0.088046 0.122685
2 0.424727 0.581845 0.068700 0.172950
