0 0.647941 0.285549 0.115823 0.314484
0 0.535342 0.275628 0.183780 0.162368
0 0.736855 0.564484 0.134921 0.367063
0 0.268725 0.794312 0.144593 0.211640
0 0.650050 0.838955 0.139881 0.164021
0 0.663318 0.709987 0.070188 0.117725
1 0.475570 0.140873 0.186260 0.203704
1 0.239335 0.586475 0.158730 0.272156
1 0.440352 0.568452 0.273065 0.304233
1 0.402654 0.286872 0.073661 0.081680
1 0.470982 0.699074 0.140873 0.201720
1 0.403522 0.834491 0.151290 0.157738
2 0.419519 0.219742 0.155506 0.123347
2 0.304191 0.270007 0.149554 0.144511
2 0.327381 0.385086 0.179563 0.139220
2 0.422123 0.419312 0.266369 0.295635
2 0.590898 0.449239 0.132192 0.169643
2 0.563120 0.733631 0.196181 0.366071
2 0.378596 0.730820 0.073661 0.089286
