0 0.402158 0.413856 0.132192 0.238426
0 0.519717 0.524306 0.254712 0.215939
0 0.685640 0.407242 0.103423 0.207341
0 0.272817 0.541336 0.156250 0.186508
0 0.431920 0.715443 0.115823 0.146495
1 0.608631 0.190476 0.166171 0.228175
1 0.615327 0.355324 0.157738 0.125992
1 0.521329 0.276951 0.062996 0.068452
1 0.538814 0.425595 0.061260 0.054233
1 0.750124 0.424934 0.194196 0.313492
1 0.592882 0.706680 0.227431 0.329365
1 0.334449 0.299272 0.112351 0.187831
1 0.282738 0.458499 0.181052 0.259590
2 0.400918 0.157407 0.182788 0.183862
2 0.534970 0.207672 0.103671 0.205026
2 0.460565 0.308532 0.174603 0.186508
2 0.217758 0.606316 0.238095 0.318452
2 0.404886 0.814153 0.248264 0.299603
2 0.493676 0.430060 0.083581 0.111442
