0 0.326885 0.264550 0.143849 0.164683
0 0.350942 0.359788 0.256448 0.229497
0 0.392237 0.465774 0.135665 0.110119
0 0.313740 0.719246 0.064484 0.119048
0 0.342262 0.857143 0.281746 0.169974
0 0.512277 0.875827 0.078125 0.077050
0 0.718626 0.780093 0.357887 0.257937
0 0.715402 0.669643 0.303323 0.138889
1 0.462178 0.128142 0.295387 0.182870
1 0.702629 0.191634 0.128968 0.153108
1 0.221230 0.488426 0.114087 0.186508
1 0.235119 0.756283 0.094246 0.144180
1 0.468502 0.580026 0.195437 0.148810
1 0.492063 0.454861 0.078869 0.136574
1 0.656250 0.874339 0.199901 0.122354
1 0.678075 0.500000 0.096726 0.216270
1 0.743428 0.499504 0.048859 0.219246
2 0.610243 0.293155 0.323661 0.288029
2 0.827753 0.432044 0.162946 0.431548
2 0.576389 0.466270 0.212798 0.303571
2 0.507316 0.715443 0.127728 0.256944
2 0.291047 0.602513 0.189236 0.209656
