0 0.307912 0.238591 0.211558 0.271495
0 0.466394 0.198743 0.157986 0.160714
0 0.538690 0.161706 0.162202 0.128968
0 0.284846 0.598710 0.122272 0.192791
0 0.494544 0.594742 0.129960 0.101521
0 0.487475 0.712632 0.286458 0.171958
0 0.707093 0.640542 0.184524 0.239418
1 0.618180 0.243882 0.150546 0.094907
1 0.733879 0.307540 0.064484 0.093915
1 0.606275 0.334987 0.194196 0.153439
1 0.386905 0.330522 0.091766 0.102844
1 0.335317 0.398479 0.153770 0.240741
2 0.180680 0.362599 0.112351 0.149140
2 0.304563 0.508763 0.213294 0.282077
2 0.452753 0.414517 0.134177 0.321098
2 0.576389 0.437169 0.101687 0.119048
2 0.672371 0.479497 0.234127 0.303571
