0 0.378720 0.353836 0.283730 0.171296
0 0.582589 0.231812 0.165675 0.158730
0 0.620784 0.341104 0.069444 0.081680
0 0.220362 0.619048 0.117312 0.169974
1 0.349702 0.173942 0.116567 0.228175
1 0.691344 0.373512 0.159474 0.182209
1 0.705853 0.647156 0.127480 0.378307
1 0.542783 0.629464 0.268105 0.375992
1 0.360863 0.564980 0.248016 0.295304
2 0.241443 0.347718 0.108383 0.352844
1 0.220362 0.785549 0.145585 0.196098
2 0.466394 0.184524 0.136657 0.125661
2 0.578001 0.427083 0.162946 0.355489
2 0.400174 0.469081 0.138145 0.108135
2 0.452009 0.780589 0.218502 0.184193
