0 0.531374 0.230985 0.198661 0.218585
0 0.698413 0.326224 0.112599 0.206680
0 0.659474 0.480159 0.228175 0.259921
0 0.499876 0.695106 0.306300 0.326058
0 0.242560 0.538690 0.094246 0.125661
0 0.265749 0.403439 0.047867 0.171296
1 0.768353 0.440972 0.131448 0.164352
1 0.451017 0.168981 0.208581 0.191799
1 0.476314 0.379134 0.217510 0.263558
1 0.465650 0.534722 0.136657 0.162037
1 0.204613 0.612434 0.208333 0.279762
2 0.622768 0.336640 0.190972 0.130291
2 0.611235 0.571594 0.109871 0.163029
2 0.678199 0.664187 0.157986 0.169643
2 0.335689 0.460152 0.118304 0.372685
2 0.413938 0.813657 0.286210 0.291997
2 0.410962 0.441634 0.047123 0.101521
