0 0.263641 0.163525 0.062004 0.057209
0 0.571057 0.193783 0.076141 0.097884
0 0.626116 0.284888 0.222470 0.379299
0 0.486235 0.279266 0.177827 0.132606
0 0.693080 0.527447 0.139633 0.363757
0 0.776538 0.803737 0.186012 0.225860
0 0.385665 0.448578 0.234623 0.321098
0 0.336930 0.683532 0.334077 0.248016
1 0.195064 0.425430 0.113343 0.221892
1 0.434896 0.535714 0.048859 0.115741
1 0.508185 0.514385 0.106151 0.215939
1 0.728547 0.337798 0.149554 0.124008
1 0.773686 0.455357 0.071181 0.142196
1 0.603423 0.602017 0.104167 0.199405
1 0.620784 0.726521 0.138889 0.107143
2 0.410590 0.159557 0.259673 0.186177
2 0.321677 0.280423 0.146329 0.236111
2 0.235615 0.351025 0.205853 0.329034
2 0.173611 0.551753 0.147817 0.063823
2 0.440352 0.609127 0.139137 0.077381
2 0.532738 0.658730 0.042163 0.103836
2 0.524306 0.724868 0.070437 0.048280
2 0.281126 0.859788 0.153026 0.228175
2 0.499876 0.843419 0.297867 0.219246
