0 0.378968 0.160218 0.208333 0.220569
0 0.604911 0.212467 0.269841 0.204034
0 0.773686 0.440311 0.115823 0.346230
0 0.188864 0.632937 0.076141 0.300926
0 0.336930 0.539683 0.130704 0.064153
0 0.516493 0.823578 0.039931 0.157738
0 0.682292 0.794312 0.101687 0.147487
1 0.358383 0.376323 0.211806 0.322090
1 0.668279 0.384590 0.139633 0.164683
1 0.724826 0.648148 0.274554 0.386905
1 0.584821 0.720899 0.126488 0.367063
1 0.470114 0.686177 0.112847 0.138889
2 0.202133 0.279431 0.145337 0.373016
2 0.301711 0.291501 0.090030 0.223214
2 0.502728 0.386243 0.217758 0.240741
2 0.476314 0.533730 0.275546 0.327381
2 0.286458 0.628968 0.188492 0.185185
2 0.348462 0.804233 0.312500 0.213624
