0 0.386037 0.148644 0.119792 0.153108
0 0.534598 0.214286 0.197173 0.269180
0 0.702505 0.458499 0.195188 0.301257
0 0.350198 0.265377 0.233135 0.131283
0 0.287326 0.533069 0.261161 0.218254
1 0.257937 0.373512 0.256944 0.168981
1 0.456845 0.312500 0.191964 0.130291
1 0.570312 0.375827 0.092510 0.100860
1 0.581721 0.471892 0.173859 0.133598
1 0.471726 0.717097 0.281250 0.163029
2 0.254216 0.630126 0.112599 0.143188
2 0.452381 0.431548 0.163194 0.203042
2 0.570188 0.595899 0.286210 0.226852
2 0.659970 0.762897 0.127976 0.193122
