0 0.461806 0.314153 0.127480 0.078704
0 0.438988 0.428406 0.131448 0.136574
0 0.598338 0.555225 0.110863 0.191799
0 0.676959 0.517526 0.071181 0.099206
0 0.703869 0.648313 0.101687 0.237103
0 0.606151 0.744709 0.277282 0.315476
0 0.511905 0.831349 0.207837 0.175265
1 0.441220 0.234623 0.254960 0.179563
1 0.607763 0.289187 0.244296 0.132606
1 0.621404 0.400132 0.261657 0.146825
1 0.226438 0.494378 0.136409 0.373016
1 0.304191 0.669808 0.119792 0.156415
2 0.633061 0.183862 0.160466 0.173280
2 0.378720 0.153439 0.230655 0.092593
2 0.292287 0.366567 0.072669 0.218585
2 0.359995 0.390708 0.097470 0.176918
2 0.352679 0.534722 0.153770 0.153439
2 0.250124 0.803241 0.156994 0.165344
2 0.435020 0.630126 0.224206 0.352844
