0 0.353175 0.446759 0.095238 0.126984
0 0.392733 0.409061 0.046379 0.055556
0 0.444692 0.325893 0.134425 0.194114
0 0.625496 0.390873 0.135913 0.085317
0 0.554315 0.468750 0.139385 0.110780
0 0.539435 0.553571 0.082341 0.097222
1 0.296751 0.500827 0.081597 0.106812
1 0.407490 0.528935 0.090278 0.103505
1 0.623140 0.477183 0.145585 0.140873
2 0.515625 0.284722 0.053571 0.092593
2 0.538318 0.366898 0.081597 0.116071
2 0.479911 0.371032 0.104167 0.128968
2 0.442708 0.464451 0.108135 0.106812
2 0.396701 0.612765 0.177827 0.226190
2 0.493056 0.615410 0.130456 0.244048
2 0.578373 0.608466 0.142361 0.166667
