0 0.689732 0.326720 0.261905 0.234127
0 0.567212 0.616237 0.128472 0.305225
0 0.482887 0.642692 0.158234 0.336310
0 0.397197 0.640542 0.125744 0.150794
0 0.193948 0.544147 0.094246 0.129960
1 0.390625 0.303075 0.206845 0.283399
1 0.256696 0.308697 0.211806 0.208664
1 0.259549 0.447586 0.119792 0.157738
1 0.308780 0.544147 0.218254 0.242394
1 0.340278 0.750165 0.183532 0.235780
1 0.462178 0.858796 0.101935 0.126984
2 0.553199 0.159061 0.199653 0.160714
2 0.528398 0.230159 0.098462 0.124339
2 0.502356 0.305225 0.122768 0.111772
2 0.528894 0.417659 0.273065 0.191138
2 0.684772 0.493882 0.111607 0.237103
2 0.750496 0.465278 0.089286 0.128968
2 0.445188 0.735450 0.087798 0.082672
