0 0.689360 0.397321 0.125744 0.253638
0 0.762897 0.380126 0.049603 0.228505
0 0.446429 0.339947 0.083333 0.181217
0 0.218254 0.359788 0.081845 0.189815
0 0.316964 0.648313 0.089286 0.170966
0 0.714534 0.688492 0.301587 0.090608
0 0.757937 0.788194 0.370536 0.212632
1 0.388145 0.221396 0.175099 0.120040
1 0.606647 0.381944 0.064484 0.236111
1 0.289435 0.265708 0.270337 0.254960
1 0.315724 0.462632 0.131448 0.244709
1 0.606523 0.562831 0.316220 0.231481
1 0.394097 0.750165 0.330853 0.286706
2 0.760045 0.218585 0.123264 0.140873
2 0.669023 0.259425 0.060268 0.057209
2 0.530878 0.296958 0.143105 0.315476
2 0.832341 0.489418 0.180060 0.338624
2 0.424107 0.437831 0.131448 0.095899
2 0.215278 0.492725 0.099206 0.115741
2 0.176091 0.707176 0.186012 0.368056
2 0.414931 0.576058 0.111607 0.207011
