0 0.626984 0.402778 0.151290 0.375000
0 0.803819 0.482474 0.040675 0.132275
0 0.516865 0.340443 0.095238 0.109458
0 0.525422 0.465278 0.109375 0.162037
0 0.376116 0.602513 0.070188 0.081349
0 0.624752 0.717262 0.114087 0.257937
0 0.500620 0.668155 0.248264 0.318452
1 0.670263 0.207672 0.112351 0.165344
1 0.413070 0.163360 0.198661 0.178571
1 0.356771 0.293155 0.102431 0.131283
1 0.441840 0.492229 0.125744 0.344246
1 0.549479 0.866567 0.152530 0.172950
2 0.734747 0.460152 0.122272 0.377315
2 0.511533 0.238922 0.228423 0.197421
2 0.240947 0.304233 0.200149 0.316799
2 0.378596 0.690642 0.114831 0.121362
