0 0.257937 0.493882 0.105159 0.219246
0 0.291791 0.744709 0.144593 0.324074
0 0.546131 0.561673 0.157242 0.394511
0 0.623636 0.432540 0.119792 0.306878
0 0.546379 0.310185 0.039683 0.097222
1 0.275670 0.228175 0.152034 0.325397
1 0.371652 0.242890 0.086062 0.141204
1 0.419271 0.380126 0.274058 0.221892
1 0.447793 0.491071 0.144097 0.132275
1 0.380704 0.638228 0.183532 0.320767
1 0.455605 0.588790 0.076885 0.060516
1 0.664435 0.650463 0.148810 0.157407
2 0.378968 0.303075 0.133929 0.098214
2 0.478423 0.177249 0.172123 0.181878
2 0.603671 0.206019 0.126488 0.208333
2 0.722346 0.324074 0.180308 0.259259
2 0.726935 0.513228 0.115079 0.154101
2 0.689732 0.791667 0.222222 0.208333
2 0.487475 0.822917 0.212054 0.169643
