0 0.370784 0.334987 0.062996 0.111772
0 0.255456 0.679563 0.154762 0.178571
0 0.523934 0.739253 0.198661 0.313161
0 0.694320 0.650463 0.156994 0.232804
0 0.670387 0.466270 0.243056 0.257275
0 0.438120 0.570602 0.038938 0.081680
1 0.435392 0.177249 0.202133 0.248016
1 0.452753 0.298776 0.152530 0.241733
1 0.568080 0.309689 0.166419 0.276786
1 0.512277 0.559028 0.238343 0.325066
1 0.239335 0.538525 0.170139 0.143188
1 0.441964 0.838459 0.261409 0.240410
2 0.239335 0.407738 0.244544 0.290344
2 0.370040 0.557870 0.138889 0.360450
2 0.596726 0.763558 0.061012 0.105820
2 0.593502 0.507275 0.089286 0.095899
2 0.654142 0.573909 0.040427 0.070437
2 0.604167 0.572255 0.064484 0.093585
2 0.486607 0.400794 0.034722 0.083995
2 0.707589 0.385747 0.243056 0.184193
2 0.533854 0.231812 0.054812 0.077381
1 0.439484 0.738757 0.044643 0.056217
