0 0.196801 0.194444 0.094990 0.152116
0 0.205109 0.471726 0.136409 0.431548
0 0.350570 0.655423 0.172867 0.244709
0 0.487475 0.696263 0.124256 0.176257
0 0.619048 0.704530 0.194940 0.369378
0 0.769469 0.647652 0.117312 0.129960
1 0.681920 0.173942 0.299355 0.170635
1 0.714162 0.376984 0.107391 0.186508
1 0.618428 0.421627 0.245784 0.388228
1 0.484127 0.473049 0.137401 0.243717
1 0.422867 0.618056 0.102679 0.112434
1 0.310392 0.821925 0.305804 0.233796
2 0.377976 0.152943 0.307044 0.190807
2 0.809524 0.426587 0.166171 0.384921
2 0.777778 0.796462 0.173611 0.207341
2 0.537574 0.851025 0.126736 0.206019
2 0.348834 0.469742 0.177827 0.217262
2 0.680680 0.677579 0.065228 0.119048
