0 0.335193 0.274471 0.266121 0.177910
0 0.557292 0.236938 0.224206 0.221892
0 0.816220 0.518188 0.190972 0.316138
0 0.535094 0.702381 0.116815 0.135582
0 0.512649 0.832341 0.139881 0.153439
0 0.272817 0.764054 0.364583 0.204034
1 0.250868 0.584821 0.363839 0.229167
1 0.461806 0.513724 0.121032 0.170966
1 0.552827 0.494213 0.092758 0.377315
1 0.453497 0.391369 0.077629 0.116071
1 0.251364 0.397321 0.124752 0.157077
0 0.159474 0.443783 0.146329 0.154101
2 0.369048 0.408565 0.124008 0.114749
2 0.346726 0.664187 0.158730 0.028770
2 0.731523 0.336144 0.152034 0.157738
2 0.652158 0.426753 0.171875 0.159722
2 0.605779 0.612930 0.112351 0.219246
2 0.694692 0.576058 0.131448 0.185185
2 0.724826 0.777116 0.350446 0.254630
