0 0.528398 0.195437 0.206101 0.229497
0 0.182664 0.362599 0.124752 0.160384
0 0.256200 0.578208 0.200893 0.334987
0 0.397197 0.641038 0.186756 0.379299
0 0.703745 0.574405 0.283482 0.150794
1 0.377852 0.190476 0.113343 0.170635
1 0.518849 0.312996 0.023313 0.098214
1 0.293899 0.379630 0.114087 0.280423
1 0.515501 0.696263 0.173859 0.213955
2 0.735987 0.365410 0.162946 0.308862
2 0.646329 0.406250 0.147321 0.211971
2 0.539931 0.422619 0.125000 0.267196
2 0.463542 0.339451 0.112599 0.299272
2 0.365823 0.433201 0.124008 0.318783
2 0.526786 0.571759 0.090278 0.112434
2 0.437252 0.842262 0.062004 0.122354
