0 0.310888 0.146991 0.099950 0.141204
0 0.261285 0.372024 0.109871 0.346561
0 0.408978 0.319610 0.201885 0.279431
0 0.666667 0.316799 0.086806 0.050926
0 0.555680 0.730324 0.250744 0.163029
1 0.559896 0.165675 0.151538 0.059524
1 0.615699 0.249504 0.243304 0.143188
1 0.607515 0.428241 0.095982 0.203042
1 0.525546 0.490079 0.091270 0.054894
1 0.341022 0.503307 0.128968 0.125661
1 0.555308 0.809689 0.137401 0.070437
2 0.377356 0.226521 0.137153 0.236111
2 0.520089 0.384094 0.113591 0.183532
2 0.451389 0.431052 0.090278 0.184193
2 0.692708 0.432705 0.114087 0.245040
2 0.592014 0.585979 0.272321 0.178571
2 0.666171 0.759590 0.087798 0.195106
2 0.231895 0.669808 0.158730 0.280093
2 0.412946 0.599206 0.104167 0.138889
2 0.602059 0.320602 0.060268 0.034061
2 0.416667 0.729828 0.053571 0.069444
