0 0.520089 0.125496 0.083829 0.139881
0 0.534226 0.231316 0.059028 0.104828
0 0.261657 0.392857 0.110615 0.253968
0 0.459449 0.650959 0.233383 0.136574
1 0.394345 0.182870 0.222222 0.181878
1 0.335565 0.409392 0.156250 0.313492
1 0.412078 0.525794 0.135665 0.128968
1 0.353423 0.569940 0.120536 0.091601
1 0.523065 0.503803 0.112599 0.290013
1 0.750496 0.440972 0.122520 0.184193
2 0.449033 0.333829 0.162946 0.314484
2 0.525050 0.325066 0.073909 0.105159
2 0.596354 0.329034 0.109871 0.214286
2 0.657862 0.329530 0.036458 0.098214
2 0.655010 0.432044 0.200893 0.266204
2 0.663690 0.596561 0.178571 0.248016
2 0.445561 0.737599 0.078621 0.058532
2 0.490823 0.885251 0.077877 0.093915
2 0.505704 0.773313 0.254960 0.273479
