0 0.425223 0.308697 0.120784 0.102183
0 0.501984 0.334325 0.045635 0.076720
0 0.440724 0.478340 0.112103 0.091601
0 0.462674 0.532738 0.104911 0.138889
0 0.588666 0.541171 0.193700 0.119378
1 0.341518 0.331184 0.070437 0.096230
1 0.465154 0.448578 0.090526 0.072421
1 0.571181 0.296462 0.127976 0.192791
2 0.319196 0.473545 0.091270 0.246693
2 0.393973 0.418155 0.077629 0.209987
2 0.465030 0.390873 0.088790 0.109127
2 0.562376 0.417493 0.152034 0.185516
2 0.652282 0.287368 0.072917 0.121693
2 0.686756 0.325231 0.079365 0.045966
2 0.699157 0.458168 0.125000 0.260251
2 0.620412 0.451224 0.085565 0.094907
2 0.616691 0.599868 0.195188 0.057540
