0 0.557416 0.204696 0.101935 0.168651
0 0.255456 0.402282 0.100198 0.246362
0 0.193824 0.584325 0.147073 0.272487
0 0.372148 0.690146 0.296875 0.300926
0 0.473834 0.524140 0.111855 0.330688
0 0.350942 0.566138 0.046131 0.066138
0 0.576017 0.671958 0.130704 0.273148
1 0.670759 0.418816 0.217510 0.369378
1 0.620784 0.561177 0.218254 0.349206
1 0.383557 0.382937 0.154514 0.346561
1 0.458085 0.181052 0.096726 0.121362
1 0.333209 0.294808 0.078621 0.119378
1 0.389385 0.584821 0.068452 0.088294
2 0.714906 0.248512 0.210069 0.372685
2 0.571057 0.349868 0.047867 0.117063
2 0.504836 0.311343 0.104415 0.198743
2 0.268353 0.767857 0.238095 0.136905
2 0.705357 0.772817 0.240575 0.120370
2 0.775298 0.653274 0.140377 0.207341
2 0.300099 0.521991 0.065476 0.088294
