0 0.206597 0.405093 0.215774 0.315476
0 0.243428 0.300430 0.112351 0.172288
0 0.329861 0.557870 0.125000 0.193122
0 0.404266 0.360946 0.147817 0.262897
0 0.625620 0.598049 0.206597 0.215939
1 0.472594 0.115410 0.091022 0.135582
1 0.587922 0.341104 0.182788 0.289352
1 0.649554 0.412202 0.193452 0.259590
1 0.745536 0.467427 0.142361 0.179563
1 0.532614 0.537533 0.096974 0.110119
1 0.403770 0.670800 0.089286 0.154431
2 0.390625 0.241733 0.067956 0.097222
2 0.495660 0.247520 0.158978 0.198743
2 0.477927 0.638393 0.229167 0.364749
2 0.374876 0.745370 0.186756 0.261243
2 0.567336 0.813492 0.255704 0.307540
2 0.737599 0.625165 0.156250 0.230489
