0 0.567460 0.183862 0.106647 0.190476
0 0.423735 0.213624 0.100942 0.199735
0 0.486607 0.285384 0.111111 0.193122
0 0.543651 0.437665 0.281250 0.208664
0 0.309648 0.597553 0.256200 0.243386
0 0.403026 0.536872 0.061012 0.113426
1 0.570685 0.320767 0.110119 0.105159
1 0.316964 0.483466 0.124008 0.140873
1 0.248016 0.749008 0.126488 0.277778
1 0.692584 0.567295 0.132192 0.220569
1 0.560640 0.731481 0.280506 0.355159
1 0.461682 0.546792 0.077629 0.060516
2 0.672867 0.320106 0.158730 0.315476
2 0.323661 0.290509 0.135417 0.278108
2 0.261161 0.346065 0.076885 0.254960
2 0.382688 0.386243 0.076885 0.187831
2 0.520957 0.605820 0.249256 0.257937
2 0.321677 0.787037 0.057044 0.267857
2 0.695437 0.775628 0.121528 0.187500
