0 0.242560 0.413856 0.248016 0.284722
0 0.590774 0.200397 0.206845 0.263228
0 0.700893 0.621858 0.125496 0.172950
0 0.604539 0.719907 0.113343 0.162037
0 0.374008 0.676918 0.059524 0.084656
1 0.365823 0.262235 0.100694 0.226190
1 0.513889 0.240245 0.200397 0.261574
1 0.553199 0.403935 0.103423 0.167659
1 0.529638 0.498181 0.234871 0.325728
1 0.478795 0.715443 0.225942 0.382606
2 0.441468 0.258763 0.063492 0.091601
2 0.488343 0.314649 0.058036 0.071098
2 0.332837 0.502149 0.228175 0.288690
2 0.424975 0.525959 0.133185 0.091601
2 0.618676 0.371858 0.118304 0.132606
2 0.697545 0.434689 0.200149 0.271495
