0 0.445685 0.168981 0.207837 0.229497
0 0.628596 0.319610 0.237351 0.170966
0 0.760045 0.490079 0.108383 0.209656
0 0.468378 0.428737 0.253224 0.215278
0 0.393477 0.557374 0.088542 0.083664
0 0.222346 0.630622 0.078621 0.137566
0 0.437376 0.646660 0.128224 0.143188
0 0.412450 0.739749 0.081845 0.062831
0 0.588418 0.791005 0.278026 0.110450
1 0.679315 0.177249 0.292659 0.195106
1 0.698909 0.439319 0.116567 0.129960
1 0.540303 0.631118 0.119296 0.235780
1 0.455605 0.858796 0.308532 0.230159
1 0.311632 0.664187 0.113343 0.123347
1 0.312004 0.173446 0.099206 0.169643
1 0.423487 0.301422 0.176339 0.159061
1 0.195437 0.177249 0.148810 0.179894
2 0.176463 0.382937 0.117312 0.201058
2 0.291047 0.429233 0.138145 0.401455
2 0.200149 0.787202 0.151290 0.199405
2 0.483011 0.557870 0.131696 0.137566
2 0.592262 0.502315 0.131448 0.119048
2 0.652158 0.475694 0.112351 0.154431
2 0.696801 0.660384 0.295883 0.190476
