0 0.295883 0.310681 0.146329 0.228505
0 0.613219 0.588128 0.120784 0.222553
0 0.735243 0.734127 0.311756 0.241402
1 0.669519 0.245701 0.251240 0.155423
1 0.715774 0.369213 0.177083 0.180225
1 0.751364 0.496693 0.105903 0.171958
1 0.515501 0.457507 0.263145 0.217262
1 0.391121 0.611276 0.336806 0.167659
1 0.427083 0.738095 0.354167 0.233466
1 0.204985 0.397321 0.123264 0.150463
2 0.491195 0.286045 0.110367 0.287037
2 0.415055 0.303571 0.078621 0.161376
2 0.400050 0.387401 0.111607 0.203373
2 0.650918 0.463624 0.035466 0.105820
2 0.299355 0.512070 0.176091 0.174272
2 0.167907 0.674107 0.146329 0.196098
1 0.584697 0.337798 0.093502 0.084325
