0 0.370288 0.222553 0.091766 0.122354
0 0.457341 0.206019 0.153274 0.265873
0 0.577753 0.717593 0.130704 0.307540
0 0.427083 0.723214 0.236607 0.358466
1 0.329861 0.332341 0.219246 0.207672
1 0.333953 0.516038 0.192708 0.331680
1 0.659102 0.576058 0.267113 0.262566
1 0.694692 0.497851 0.081845 0.116733
1 0.484623 0.861607 0.113591 0.196098
2 0.526786 0.250000 0.083829 0.126984
2 0.571801 0.341104 0.162450 0.117394
2 0.552703 0.397817 0.233383 0.212963
2 0.475570 0.488922 0.141617 0.161045
2 0.182664 0.347718 0.108383 0.114749
2 0.244668 0.553902 0.184276 0.337302
