0 0.330729 0.435351 0.214038 0.228505
0 0.306672 0.679067 0.080109 0.170966
0 0.583333 0.518188 0.246528 0.252646
0 0.437128 0.695602 0.198661 0.120040
0 0.413070 0.824570 0.322669 0.177579
1 0.386161 0.126488 0.244048 0.120040
1 0.530506 0.374835 0.251488 0.261574
1 0.395585 0.604167 0.162202 0.208333
2 0.330729 0.220403 0.278522 0.259590
2 0.381572 0.333829 0.140625 0.168981
2 0.538814 0.218254 0.243304 0.270503
2 0.688492 0.303075 0.117560 0.299272
2 0.712922 0.659392 0.164435 0.307540
2 0.209945 0.647652 0.143105 0.427579
