0 0.537078 0.329034 0.147569 0.302249
0 0.726562 0.396991 0.056300 0.084987
0 0.203745 0.563492 0.175347 0.274471
0 0.347718 0.626157 0.124008 0.291997
0 0.433780 0.838459 0.196925 0.187500
1 0.362103 0.419974 0.247024 0.316799
1 0.530134 0.684689 0.265625 0.172950
1 0.729415 0.556713 0.176091 0.325066
1 0.617063 0.765708 0.096726 0.081680
1 0.528398 0.795966 0.088542 0.104497
2 0.438616 0.169478 0.125744 0.219246
2 0.566344 0.231151 0.136657 0.195106
2 0.666171 0.363591 0.112599 0.248347
2 0.378596 0.300926 0.108383 0.171296
2 0.472594 0.389054 0.102927 0.200066
2 0.568452 0.529762 0.230159 0.189815
2 0.235119 0.432705 0.119048 0.121362
2 0.574405 0.853836 0.043155 0.081349
