0 0.225198 0.303571 0.044643 0.121693
0 0.291419 0.314153 0.157242 0.277116
0 0.203001 0.584325 0.175347 0.351852
0 0.316220 0.526455 0.087798 0.160714
0 0.504340 0.316799 0.082093 0.143519
0 0.602927 0.365410 0.131448 0.169974
0 0.575149 0.503803 0.039683 0.113426
0 0.748016 0.690807 0.058036 0.132275
1 0.655010 0.226356 0.052083 0.127976
1 0.715774 0.309689 0.105655 0.157738
1 0.416295 0.292493 0.147073 0.165675
1 0.446925 0.416171 0.245040 0.149802
1 0.468006 0.511078 0.174603 0.149802
1 0.381944 0.536872 0.058532 0.118056
1 0.506448 0.729828 0.264881 0.095899
2 0.360367 0.294147 0.032242 0.080357
2 0.514757 0.194775 0.251736 0.254630
2 0.717386 0.535218 0.161954 0.348214
2 0.672371 0.729167 0.106647 0.079365
2 0.508557 0.647156 0.255704 0.201720
