0 0.362227 0.466601 0.081597 0.102513
0 0.455481 0.338624 0.087054 0.140873
0 0.505952 0.285880 0.053571 0.045966
0 0.430804 0.503472 0.117560 0.208003
0 0.488715 0.500827 0.072173 0.221892
0 0.545015 0.458664 0.092014 0.203704
1 0.606399 0.353009 0.084821 0.071759
1 0.651910 0.393022 0.188740 0.157738
2 0.421875 0.314649 0.080853 0.120701
2 0.381820 0.389220 0.112847 0.158730
2 0.521205 0.335813 0.149554 0.133267
2 0.664311 0.491237 0.136657 0.108796
2 0.644345 0.613922 0.147817 0.166336
2 0.555556 0.589286 0.159226 0.183201
2 0.545511 0.639550 0.102431 0.245370
