0 0.394345 0.171792 0.083333 0.091601
0 0.540303 0.229663 0.129216 0.218585
0 0.751736 0.425926 0.217262 0.255952
0 0.375744 0.303571 0.112599 0.209656
0 0.318328 0.403604 0.048859 0.067130
0 0.243552 0.424438 0.099206 0.078373
0 0.360367 0.472388 0.260417 0.235780
1 0.267857 0.330688 0.142857 0.120370
1 0.471354 0.331184 0.108383 0.121362
1 0.580481 0.371858 0.192708 0.192130
1 0.460193 0.525298 0.115823 0.096892
1 0.408978 0.627811 0.236607 0.154431
1 0.648065 0.483466 0.128968 0.112434
1 0.653398 0.612434 0.277034 0.207011
2 0.619048 0.190476 0.157242 0.254630
2 0.448909 0.225694 0.095238 0.124669
2 0.292659 0.252149 0.080357 0.124669
2 0.534598 0.762897 0.266617 0.164021
2 0.562252 0.513228 0.118552 0.119048
2 0.400174 0.734788 0.083581 0.125661
