0 0.347594 0.242229 0.190228 0.190807
0 0.530382 0.165013 0.074653 0.076058
0 0.403026 0.395668 0.203373 0.164352
0 0.545387 0.439815 0.127480 0.181878
0 0.273686 0.391865 0.123264 0.134921
0 0.728919 0.512235 0.153770 0.165344
1 0.455605 0.196594 0.091766 0.103505
1 0.637277 0.306382 0.219990 0.162368
1 0.399802 0.539683 0.281250 0.198413
1 0.352555 0.657077 0.285962 0.183862
2 0.554439 0.204200 0.231895 0.123347
2 0.637649 0.447586 0.103175 0.172950
2 0.596726 0.541997 0.122520 0.105820
2 0.652034 0.650463 0.301091 0.160053
2 0.458209 0.796462 0.300347 0.141204
2 0.717882 0.750661 0.159474 0.208333
