0 0.366319 0.219081 0.101687 0.151124
0 0.443576 0.221892 0.066220 0.121032
0 0.485863 0.262070 0.048115 0.051918
0 0.589286 0.330688 0.109127 0.226190
0 0.327877 0.429894 0.183532 0.323413
0 0.687252 0.483962 0.121528 0.374008
0 0.618304 0.494048 0.039683 0.248016
0 0.489955 0.576554 0.269593 0.344907
1 0.520089 0.212467 0.103671 0.146495
1 0.816220 0.278274 0.166171 0.306548
1 0.293527 0.355985 0.045387 0.065146
1 0.246776 0.428902 0.080853 0.126984
1 0.270337 0.644511 0.273810 0.330688
2 0.506076 0.341104 0.140129 0.163690
2 0.411458 0.499504 0.205357 0.285384
2 0.461806 0.714947 0.191964 0.187169
2 0.549479 0.766700 0.278026 0.319775
2 0.156746 0.445437 0.153770 0.104497
