0 0.449901 0.338624 0.146329 0.151455
0 0.480283 0.392526 0.176835 0.137566
0 0.661086 0.399306 0.076141 0.166336
0 0.606399 0.533234 0.163194 0.122685
0 0.554812 0.611111 0.180060 0.120370
1 0.402654 0.676753 0.212054 0.172950
1 0.610367 0.700728 0.219246 0.167328
1 0.658730 0.630952 0.085813 0.134259
2 0.596230 0.375496 0.095238 0.237765
2 0.522693 0.474702 0.163938 0.139881
2 0.369792 0.478340 0.074405 0.149140
2 0.422743 0.528935 0.125744 0.159061
2 0.384301 0.593585 0.111359 0.102513
2 0.535094 0.739749 0.193700 0.095899
