0 0.610739 0.298611 0.053819 0.080026
0 0.564732 0.412202 0.099206 0.237103
0 0.485119 0.528935 0.077381 0.161045
1 0.353919 0.416501 0.149802 0.200728
1 0.419147 0.381283 0.168155 0.207011
1 0.594370 0.636739 0.158482 0.204034
2 0.512277 0.257937 0.148065 0.146164
2 0.543899 0.327381 0.121528 0.137566
2 0.452381 0.463459 0.175099 0.211310
2 0.423115 0.549769 0.140873 0.192130
2 0.442708 0.644180 0.164187 0.193122
2 0.516369 0.651124 0.087302 0.104497
2 0.570809 0.556713 0.114335 0.161045
2 0.634301 0.438988 0.091022 0.221892
2 0.677951 0.430886 0.090526 0.214286
