0 0.462500 0.543750 0.190625 0.250000
0 0.740625 0.553125 0.156250 0.197917
0 0.740625 0.753125 0.171875 0.231250
0 0.746094 0.341667 0.157812 0.229167
0 0.629687 0.272917 0.150000 0.220833
0 0.242188 0.566667 0.193750 0.241667
0 0.455469 0.730208 0.192188 0.256250
0 0.360938 0.757292 0.209375 0.260417
0 0.246875 0.719792 0.187500 0.222917
0 0.576562 0.537500 0.150000 0.225000
0 0.271875 0.242708 0.165625 0.231250
0 0.399219 0.241667 0.148438 0.195833
0 0.515625 0.266667 0.140625 0.200000
0 0.471094 0.392708 0.170313 0.218750
0 0.278125 0.380208 0.165625 0.218750
0 0.375000 0.392708 0.121875 0.206250
0 0.543750 0.759375 0.178125 0.218750
