0 0.732031 0.619792 0.210938 0.268750
0 0.570312 0.708333 0.190625 0.266667
0 0.462500 0.742708 0.109375 0.227083
0 0.270313 0.837500 0.181250 0.212500
0 0.333594 0.788542 0.167187 0.231250
0 0.304688 0.686458 0.118750 0.181250
0 0.414062 0.662500 0.143750 0.187500
0 0.445312 0.533333 0.165625 0.212500
0 0.278125 0.531250 0.165625 0.191667
0 0.260937 0.439583 0.153125 0.162500
0 0.330469 0.338542 0.139063 0.193750
0 0.477344 0.386458 0.157812 0.185417
0 0.428125 0.292708 0.156250 0.156250
0 0.711719 0.409375 0.204687 0.235417
0 0.690625 0.285417 0.175000 0.229167
0 0.522656 0.225000 0.176563 0.225000
0 0.645312 0.159375 0.181250 0.222917
