0 0.347656 0.767708 0.182812 0.247917
0 0.318750 0.593750 0.175000 0.204167
0 0.499219 0.714583 0.151562 0.237500
0 0.453125 0.598958 0.150000 0.214583
0 0.275781 0.439583 0.154688 0.204167
0 0.328125 0.329167 0.125000 0.204167
0 0.417969 0.352083 0.095312 0.191667
0 0.490625 0.405208 0.153125 0.197917
0 0.512500 0.286458 0.121875 0.177083
0 0.613281 0.601042 0.145313 0.239583
0 0.691406 0.632292 0.173437 0.235417
0 0.596094 0.365625 0.151562 0.210417
0 0.589063 0.230208 0.140625 0.193750
0 0.783594 0.563542 0.176563 0.231250
0 0.753906 0.415625 0.167187 0.210417
0 0.699219 0.301042 0.129688 0.210417
0 0.695312 0.178125 0.153125 0.189583
