0 0.742188 0.692708 0.190625 0.218750
0 0.780469 0.652083 0.164062 0.266667
0 0.782813 0.505208 0.140625 0.135417
0 0.764844 0.368750 0.160938 0.212500
0 0.660937 0.448958 0.165625 0.231250
0 0.602344 0.383333 0.132812 0.195833
0 0.540625 0.664583 0.171875 0.208333
0 0.469531 0.631250 0.157812 0.216667
0 0.310937 0.636458 0.171875 0.206250
0 0.257812 0.578125 0.156250 0.206250
0 0.453906 0.485417 0.145313 0.179167
0 0.514062 0.363542 0.134375 0.177083
0 0.496094 0.263542 0.092188 0.122917
0 0.272656 0.470833 0.151562 0.225000
0 0.399219 0.367708 0.117188 0.189583
0 0.275781 0.366667 0.145313 0.137500
0 0.338281 0.292708 0.145313 0.197917
