0 0.225000 0.701042 0.196875 0.218750
0 0.267969 0.315625 0.148438 0.156250
0 0.259375 0.441667 0.178125 0.229167
0 0.426563 0.301042 0.131250 0.185417
0 0.354687 0.405208 0.165625 0.218750
0 0.453906 0.444792 0.145313 0.172917
0 0.387500 0.623958 0.143750 0.256250
0 0.485156 0.625000 0.167187 0.254167
0 0.613281 0.290625 0.135937 0.214583
0 0.720313 0.214583 0.165625 0.187500
0 0.727344 0.318750 0.160938 0.216667
0 0.721875 0.450000 0.150000 0.237500
0 0.582031 0.488542 0.176563 0.235417
0 0.770312 0.484375 0.175000 0.227083
0 0.813281 0.648958 0.160938 0.277083
0 0.566406 0.693750 0.157812 0.204167
0 0.703906 0.673958 0.248438 0.260417
