0 0.683594 0.263542 0.154688 0.181250
0 0.536719 0.309375 0.104688 0.152083
0 0.439063 0.343750 0.109375 0.183333
0 0.289062 0.375000 0.140625 0.179167
0 0.357031 0.406250 0.135937 0.170833
0 0.466406 0.403125 0.104688 0.185417
0 0.524219 0.478125 0.145313 0.210417
0 0.582031 0.421875 0.101562 0.231250
0 0.689063 0.412500 0.156250 0.162500
0 0.792969 0.383333 0.139063 0.229167
0 0.835938 0.509375 0.196875 0.231250
0 0.670312 0.507292 0.140625 0.177083
0 0.655469 0.602083 0.195312 0.183333
0 0.285156 0.550000 0.157812 0.229167
0 0.370312 0.603125 0.131250 0.260417
0 0.479687 0.601042 0.162500 0.252083
0 0.286719 0.693750 0.214062 0.195833
