0 0.278125 0.241667 0.162500 0.200000
0 0.474219 0.237500 0.120313 0.183333
0 0.577344 0.230208 0.129688 0.181250
0 0.712500 0.220833 0.153125 0.162500
0 0.303906 0.364583 0.123438 0.187500
0 0.399219 0.381250 0.139063 0.208333
0 0.635938 0.376042 0.171875 0.210417
0 0.743750 0.348958 0.137500 0.202083
0 0.746094 0.483333 0.098437 0.137500
0 0.279687 0.492708 0.134375 0.189583
0 0.381250 0.565625 0.140625 0.185417
0 0.450000 0.630208 0.115625 0.164583
0 0.538281 0.456250 0.123438 0.187500
0 0.540625 0.620833 0.115625 0.179167
0 0.646875 0.539583 0.125000 0.179167
0 0.629687 0.663542 0.121875 0.177083
0 0.746875 0.632292 0.125000 0.197917
