0 0.318750 0.239583 0.168750 0.245833
0 0.682031 0.279167 0.160938 0.183333
0 0.775781 0.302083 0.157812 0.179167
0 0.800000 0.433333 0.168750 0.170833
0 0.645312 0.417708 0.150000 0.202083
0 0.526563 0.380208 0.153125 0.197917
0 0.392969 0.366667 0.145313 0.175000
0 0.261719 0.667708 0.145313 0.227083
0 0.389062 0.518750 0.134375 0.175000
0 0.352344 0.728125 0.160938 0.222917
0 0.423438 0.655208 0.153125 0.218750
0 0.512500 0.546875 0.128125 0.172917
0 0.517188 0.702083 0.150000 0.170833
0 0.618750 0.664583 0.128125 0.187500
0 0.752344 0.491667 0.120313 0.158333
0 0.716406 0.598958 0.145313 0.193750
0 0.669531 0.729167 0.148438 0.187500
