0 0.627344 0.704167 0.154688 0.187500
0 0.528906 0.682292 0.160938 0.214583
0 0.451562 0.720833 0.146875 0.204167
0 0.387500 0.635417 0.140625 0.120833
0 0.307812 0.611458 0.140625 0.177083
0 0.427344 0.539583 0.148438 0.187500
0 0.522656 0.528125 0.139063 0.164583
0 0.422656 0.423958 0.142187 0.135417
0 0.328125 0.390625 0.140625 0.160417
0 0.319531 0.237500 0.145313 0.162500
0 0.384375 0.210417 0.131250 0.150000
0 0.460156 0.182292 0.135937 0.185417
0 0.541406 0.354167 0.157812 0.175000
0 0.695312 0.470833 0.156250 0.183333
0 0.725000 0.319792 0.171875 0.210417
0 0.667969 0.248958 0.179688 0.214583
0 0.567187 0.233333 0.140625 0.204167
