0 0.720313 0.243750 0.146875 0.179167
0 0.608594 0.239583 0.157812 0.195833
0 0.458594 0.277083 0.173437 0.204167
0 0.339062 0.344792 0.193750 0.202083
0 0.524219 0.376042 0.157812 0.185417
0 0.660156 0.408333 0.139063 0.162500
0 0.323437 0.487500 0.165625 0.237500
0 0.444531 0.479167 0.160938 0.200000
0 0.378906 0.672917 0.167187 0.220833
0 0.507812 0.627083 0.143750 0.195833
0 0.611719 0.588542 0.139063 0.193750
0 0.659375 0.509375 0.156250 0.127083
0 0.775000 0.536458 0.106250 0.160417
0 0.734375 0.591667 0.121875 0.170833
0 0.673438 0.696875 0.143750 0.181250
0 0.571875 0.731250 0.150000 0.183333
