0 0.669531 0.457292 0.173437 0.243750
0 0.595313 0.263542 0.181250 0.202083
0 0.535937 0.423958 0.159375 0.168750
0 0.321094 0.203125 0.145313 0.189583
0 0.388281 0.321875 0.160938 0.202083
0 0.296094 0.370833 0.114062 0.120833
0 0.239844 0.490625 0.095312 0.152083
0 0.328125 0.454167 0.150000 0.179167
0 0.254688 0.526042 0.087500 0.147917
0 0.296875 0.644792 0.134375 0.164583
0 0.364844 0.590625 0.160938 0.172917
0 0.455469 0.667708 0.179688 0.185417
0 0.601562 0.610417 0.175000 0.225000
0 0.504687 0.772917 0.162500 0.212500
0 0.610938 0.778125 0.165625 0.189583
0 0.429688 0.490625 0.150000 0.168750
