0 0.703906 0.213542 0.123438 0.197917
0 0.604688 0.184375 0.134375 0.214583
0 0.660156 0.332292 0.129688 0.177083
0 0.665625 0.450000 0.143750 0.200000
0 0.885156 0.559375 0.120313 0.181250
0 0.821875 0.607292 0.159375 0.214583
0 0.692969 0.601042 0.148438 0.210417
0 0.550781 0.273958 0.142187 0.197917
0 0.516406 0.377083 0.148438 0.204167
0 0.546094 0.510417 0.151562 0.216667
0 0.409375 0.305208 0.140625 0.164583
0 0.290625 0.390625 0.156250 0.185417
0 0.390625 0.453125 0.137500 0.193750
0 0.338281 0.568750 0.151562 0.225000
0 0.449219 0.698958 0.154688 0.185417
0 0.389062 0.805208 0.178125 0.256250
