0 0.791406 0.289583 0.110937 0.158333
0 0.746094 0.267708 0.098437 0.156250
0 0.782031 0.390625 0.104688 0.147917
0 0.764844 0.520833 0.114062 0.162500
0 0.678906 0.500000 0.114062 0.175000
0 0.690625 0.390625 0.096875 0.152083
0 0.669531 0.280208 0.104688 0.127083
0 0.601562 0.315625 0.103125 0.152083
0 0.542969 0.275000 0.101562 0.129167
0 0.435156 0.345833 0.104688 0.125000
0 0.503906 0.394792 0.107813 0.152083
0 0.583594 0.540625 0.101562 0.143750
0 0.500781 0.546875 0.092188 0.139583
0 0.410938 0.443750 0.084375 0.129167
0 0.451562 0.495833 0.112500 0.145833
0 0.402344 0.566667 0.114062 0.145833
