0 0.646094 0.309375 0.101562 0.143750
0 0.719531 0.306250 0.089063 0.120833
0 0.733594 0.408333 0.110937 0.133333
0 0.764844 0.512500 0.104688 0.137500
0 0.739844 0.595833 0.101562 0.141667
0 0.685937 0.509375 0.081250 0.114583
0 0.676562 0.614583 0.090625 0.129167
0 0.634375 0.452083 0.100000 0.133333
0 0.610156 0.563542 0.089063 0.114583
0 0.586719 0.635417 0.089063 0.129167
0 0.508594 0.714583 0.082812 0.112500
0 0.472656 0.643750 0.067187 0.095833
0 0.510156 0.591667 0.082812 0.133333
0 0.570312 0.494792 0.090625 0.131250
0 0.467969 0.496875 0.079687 0.118750
0 0.428906 0.577083 0.101562 0.141667
