0 0.439844 0.655208 0.101562 0.131250
0 0.382812 0.523958 0.096875 0.147917
0 0.391406 0.378125 0.095312 0.135417
0 0.450000 0.438542 0.090625 0.110417
0 0.460938 0.542708 0.103125 0.143750
0 0.524219 0.610417 0.092188 0.141667
0 0.585156 0.632292 0.098437 0.156250
0 0.660937 0.591667 0.100000 0.154167
0 0.721875 0.587500 0.093750 0.141667
0 0.715625 0.484375 0.093750 0.135417
0 0.540625 0.466667 0.106250 0.154167
0 0.517969 0.360417 0.089063 0.133333
0 0.626563 0.348958 0.093750 0.135417
0 0.682813 0.321875 0.093750 0.143750
0 0.728906 0.386458 0.104688 0.139583
0 0.626563 0.431250 0.090625 0.137500
