0 0.742188 0.318750 0.096875 0.129167
0 0.668750 0.318750 0.100000 0.137500
0 0.612500 0.362500 0.090625 0.112500
0 0.686719 0.425000 0.085938 0.108333
0 0.761719 0.425000 0.110937 0.129167
0 0.779687 0.502083 0.109375 0.120833
0 0.747656 0.590625 0.095312 0.122917
0 0.664062 0.546875 0.103125 0.135417
0 0.683594 0.626042 0.085938 0.127083
0 0.629687 0.671875 0.096875 0.131250
0 0.508594 0.702083 0.095312 0.133333
0 0.564063 0.601042 0.087500 0.131250
0 0.483594 0.578125 0.085938 0.122917
0 0.503125 0.511458 0.090625 0.127083
0 0.424219 0.488542 0.085938 0.122917
0 0.467187 0.442708 0.103125 0.127083
