0 0.742969 0.560417 0.135937 0.162500
0 0.703125 0.409375 0.109375 0.156250
0 0.641406 0.214583 0.135937 0.175000
0 0.623437 0.412500 0.128125 0.170833
0 0.545312 0.280208 0.121875 0.160417
0 0.501563 0.346875 0.118750 0.143750
0 0.485938 0.479167 0.121875 0.141667
0 0.398438 0.361458 0.128125 0.177083
0 0.309375 0.378125 0.125000 0.168750
0 0.344531 0.516667 0.139063 0.179167
0 0.440625 0.611458 0.128125 0.185417
0 0.382031 0.752083 0.142187 0.204167
0 0.483594 0.715625 0.129688 0.185417
0 0.553125 0.609375 0.121875 0.181250
0 0.619531 0.566667 0.104688 0.145833
0 0.612500 0.678125 0.134375 0.168750
