0 0.700000 0.671875 0.171875 0.189583
0 0.553906 0.703125 0.160938 0.164583
0 0.418750 0.697917 0.146875 0.175000
0 0.293750 0.700000 0.137500 0.179167
0 0.249219 0.675000 0.142187 0.208333
0 0.295312 0.543750 0.159375 0.175000
0 0.262500 0.408333 0.134375 0.154167
0 0.555469 0.567708 0.145313 0.202083
0 0.481250 0.533333 0.140625 0.179167
0 0.771094 0.561458 0.139063 0.202083
0 0.802344 0.704167 0.104688 0.150000
0 0.687500 0.522917 0.137500 0.162500
0 0.616406 0.397917 0.142187 0.191667
0 0.728906 0.315625 0.160938 0.185417
0 0.738281 0.411458 0.132812 0.193750
0 0.614062 0.542708 0.081250 0.114583
0 0.387500 0.438542 0.159375 0.231250
0 0.493750 0.378125 0.115625 0.206250
0 0.343750 0.261458 0.134375 0.131250
0 0.626563 0.285417 0.118750 0.166667
0 0.722656 0.238542 0.085938 0.118750
0 0.437500 0.283333 0.071875 0.116667
