0 0.670312 0.145833 0.106250 0.162500
0 0.705469 0.270833 0.148438 0.204167
0 0.744531 0.423958 0.129688 0.156250
0 0.654687 0.551042 0.146875 0.197917
0 0.764844 0.548958 0.123438 0.135417
0 0.538281 0.482292 0.151562 0.218750
0 0.518750 0.634375 0.143750 0.168750
0 0.350000 0.675000 0.156250 0.220833
0 0.393750 0.698958 0.143750 0.189583
0 0.275781 0.692708 0.095312 0.160417
0 0.307031 0.762500 0.076563 0.125000
0 0.324219 0.416667 0.145313 0.137500
0 0.271094 0.445833 0.098437 0.175000
0 0.335156 0.330208 0.120313 0.102083
0 0.429688 0.327083 0.096875 0.141667
0 0.592187 0.179167 0.109375 0.104167
0 0.539062 0.269792 0.071875 0.106250
0 0.586719 0.354167 0.148438 0.175000
0 0.446094 0.447917 0.073438 0.104167
0 0.490625 0.331250 0.096875 0.125000
0 0.361719 0.496875 0.154688 0.164583
