0 0.623437 0.622917 0.153125 0.191667
0 0.575781 0.732292 0.139063 0.189583
0 0.307031 0.457292 0.129688 0.147917
0 0.453906 0.486458 0.120313 0.152083
0 0.342187 0.588542 0.118750 0.181250
0 0.461719 0.609375 0.139063 0.193750
0 0.492969 0.720833 0.117188 0.187500
0 0.754687 0.409375 0.118750 0.185417
0 0.640625 0.408333 0.128125 0.187500
0 0.520312 0.334375 0.131250 0.177083
0 0.762500 0.331250 0.112500 0.079167
0 0.733594 0.297917 0.110937 0.145833
0 0.682813 0.238542 0.131250 0.168750
0 0.532031 0.138542 0.082812 0.139583
0 0.494531 0.221875 0.120313 0.160417
0 0.600000 0.211458 0.115625 0.181250
0 0.428906 0.366667 0.107813 0.120833
0 0.388281 0.472917 0.048438 0.095833
0 0.388281 0.333333 0.079687 0.112500
0 0.540625 0.458333 0.075000 0.112500
0 0.596094 0.289583 0.082812 0.104167
