0 0.694531 0.688542 0.123438 0.185417
0 0.571875 0.725000 0.131250 0.195833
0 0.468750 0.805208 0.128125 0.197917
0 0.328125 0.776042 0.134375 0.181250
0 0.385937 0.672917 0.153125 0.179167
0 0.278906 0.631250 0.114062 0.166667
0 0.239844 0.451042 0.135937 0.185417
0 0.315625 0.525000 0.121875 0.150000
0 0.307812 0.383333 0.140625 0.158333
0 0.393750 0.381250 0.053125 0.154167
0 0.445312 0.405208 0.100000 0.160417
0 0.404687 0.535417 0.081250 0.104167
0 0.481250 0.501042 0.075000 0.102083
0 0.574219 0.547917 0.117188 0.179167
0 0.502344 0.601042 0.142187 0.193750
0 0.456250 0.648958 0.084375 0.139583
0 0.532031 0.397917 0.129688 0.175000
0 0.501563 0.262500 0.128125 0.195833
0 0.555469 0.211458 0.120313 0.181250
0 0.664844 0.230208 0.142187 0.160417
0 0.635156 0.367708 0.132812 0.164583
0 0.682031 0.359375 0.085938 0.135417
0 0.717969 0.480208 0.114062 0.164583
0 0.722656 0.583333 0.117188 0.133333
0 0.628906 0.621875 0.092188 0.106250
