0 0.517188 0.718750 0.168750 0.208333
0 0.647656 0.606250 0.167187 0.237500
0 0.485156 0.607292 0.129688 0.164583
0 0.563281 0.635417 0.089063 0.141667
0 0.382031 0.655208 0.129688 0.202083
0 0.287500 0.522917 0.150000 0.200000
0 0.369531 0.461458 0.151562 0.210417
0 0.268750 0.378125 0.131250 0.172917
0 0.389844 0.336458 0.089063 0.131250
0 0.524219 0.483333 0.145313 0.166667
0 0.428906 0.398958 0.076563 0.127083
0 0.554688 0.377083 0.137500 0.179167
0 0.621094 0.436458 0.048438 0.147917
0 0.699219 0.515625 0.123438 0.147917
0 0.742969 0.434375 0.170313 0.156250
0 0.819531 0.366667 0.164062 0.166667
0 0.681250 0.327083 0.140625 0.154167
0 0.814844 0.300000 0.117188 0.075000
0 0.616406 0.283333 0.085938 0.158333
0 0.666406 0.196875 0.114062 0.143750
0 0.532813 0.191667 0.125000 0.129167
0 0.458594 0.286458 0.085938 0.110417
0 0.464062 0.173958 0.125000 0.168750
0 0.487500 0.319792 0.043750 0.081250
