0 0.609375 0.720833 0.153125 0.216667
0 0.535156 0.691667 0.089063 0.154167
0 0.454688 0.657292 0.118750 0.193750
0 0.333594 0.533333 0.151562 0.200000
0 0.276562 0.536458 0.125000 0.181250
0 0.278906 0.447917 0.073438 0.083333
0 0.310156 0.365625 0.126562 0.135417
0 0.353125 0.318750 0.106250 0.125000
0 0.427344 0.352083 0.095312 0.100000
0 0.375000 0.466667 0.071875 0.133333
0 0.418750 0.468750 0.115625 0.175000
0 0.503125 0.498958 0.140625 0.197917
0 0.599219 0.563542 0.126562 0.168750
0 0.722656 0.525000 0.145313 0.212500
0 0.780469 0.408333 0.148438 0.179167
0 0.689063 0.285417 0.150000 0.170833
0 0.703906 0.382292 0.073438 0.089583
0 0.617188 0.428125 0.112500 0.156250
0 0.521875 0.347917 0.121875 0.137500
0 0.601562 0.242708 0.112500 0.118750
0 0.543750 0.204167 0.112500 0.162500
0 0.490625 0.152083 0.121875 0.133333
0 0.451562 0.264583 0.118750 0.141667
0 0.654687 0.470833 0.050000 0.154167
