0 0.382812 0.691667 0.103125 0.145833
0 0.384375 0.554167 0.100000 0.145833
0 0.585156 0.730208 0.064062 0.081250
0 0.588281 0.787500 0.085938 0.116667
0 0.659375 0.826042 0.084375 0.143750
0 0.489063 0.704167 0.118750 0.170833
0 0.381250 0.627083 0.075000 0.062500
0 0.462500 0.618750 0.087500 0.154167
0 0.469531 0.466667 0.114062 0.166667
0 0.489063 0.546875 0.059375 0.089583
0 0.564063 0.529167 0.109375 0.162500
0 0.514844 0.327083 0.129688 0.175000
0 0.577344 0.383333 0.117188 0.154167
0 0.670312 0.543750 0.115625 0.166667
0 0.755469 0.484375 0.120313 0.181250
0 0.822656 0.576042 0.120313 0.147917
0 0.704688 0.708333 0.118750 0.158333
0 0.746875 0.819792 0.112500 0.147917
0 0.769531 0.701042 0.092188 0.147917
0 0.660937 0.764583 0.075000 0.120833
0 0.617188 0.667708 0.118750 0.156250
0 0.650000 0.419792 0.106250 0.118750
0 0.449219 0.335417 0.082812 0.129167
0 0.404687 0.448958 0.071875 0.131250
