0 0.300000 0.586458 0.143750 0.197917
0 0.340625 0.416667 0.125000 0.170833
0 0.336719 0.512500 0.073438 0.087500
0 0.418750 0.529167 0.087500 0.079167
0 0.407031 0.631250 0.135937 0.200000
0 0.474219 0.702083 0.095312 0.150000
0 0.605469 0.845833 0.120313 0.158333
0 0.700781 0.818750 0.123438 0.195833
0 0.543750 0.657292 0.134375 0.189583
0 0.813281 0.558333 0.126562 0.175000
0 0.533594 0.210417 0.129688 0.166667
0 0.589844 0.295833 0.129688 0.179167
0 0.482031 0.332292 0.110937 0.135417
0 0.470313 0.456250 0.106250 0.133333
0 0.396875 0.366667 0.084375 0.166667
0 0.601562 0.503125 0.106250 0.152083
0 0.596094 0.419792 0.101562 0.018750
0 0.647656 0.357292 0.120313 0.118750
0 0.675781 0.464583 0.107813 0.125000
0 0.767969 0.442708 0.126562 0.168750
0 0.732812 0.562500 0.081250 0.095833
0 0.665625 0.631250 0.118750 0.145833
0 0.732031 0.639583 0.089063 0.141667
0 0.635156 0.731250 0.085938 0.158333
0 0.557031 0.739583 0.123438 0.187500
0 0.490625 0.560417 0.112500 0.141667
0 0.737500 0.753125 0.109375 0.139583
0 0.578125 0.593750 0.081250 0.066667
0 0.460938 0.241667 0.112500 0.104167
