0 0.270313 0.502083 0.103125 0.129167
0 0.342969 0.500000 0.110937 0.116667
0 0.310937 0.596875 0.103125 0.097917
0 0.370312 0.582292 0.078125 0.102083
0 0.307031 0.692708 0.110937 0.131250
0 0.367188 0.775000 0.103125 0.154167
0 0.406250 0.647917 0.125000 0.158333
0 0.452344 0.726042 0.114062 0.110417
0 0.503906 0.662500 0.110937 0.129167
0 0.437500 0.539583 0.103125 0.062500
0 0.317969 0.350000 0.110937 0.150000
0 0.506250 0.571875 0.109375 0.143750
0 0.576562 0.600000 0.106250 0.154167
0 0.647656 0.555208 0.142187 0.189583
0 0.466406 0.457292 0.117188 0.135417
0 0.410156 0.406250 0.107813 0.137500
0 0.408594 0.313542 0.085938 0.093750
0 0.459375 0.357292 0.046875 0.064583
0 0.421094 0.234375 0.117188 0.143750
0 0.504687 0.193750 0.118750 0.162500
0 0.467969 0.301042 0.051562 0.068750
0 0.511719 0.326042 0.107813 0.156250
0 0.583594 0.268750 0.123438 0.141667
0 0.630469 0.404167 0.117188 0.179167
0 0.662500 0.480208 0.115625 0.156250
0 0.533594 0.457292 0.092188 0.131250
