0 0.478906 0.752083 0.148438 0.191667
0 0.396875 0.592708 0.146875 0.197917
0 0.443750 0.668750 0.071875 0.075000
0 0.346875 0.397917 0.115625 0.166667
0 0.471875 0.331250 0.125000 0.183333
0 0.432812 0.330208 0.081250 0.135417
0 0.503125 0.583333 0.140625 0.195833
0 0.575000 0.561458 0.081250 0.114583
0 0.615625 0.696875 0.143750 0.181250
0 0.644531 0.634375 0.101562 0.152083
0 0.464062 0.466667 0.146875 0.137500
0 0.535937 0.431250 0.081250 0.112500
0 0.546094 0.315625 0.095312 0.097917
0 0.561719 0.258333 0.079687 0.104167
0 0.596875 0.410417 0.128125 0.129167
0 0.643750 0.504167 0.140625 0.162500
0 0.735938 0.575000 0.109375 0.195833
0 0.815625 0.543750 0.093750 0.175000
0 0.714063 0.423958 0.087500 0.131250
0 0.798438 0.402083 0.090625 0.150000
0 0.700000 0.166667 0.115625 0.150000
0 0.747656 0.288542 0.101562 0.131250
0 0.613281 0.211458 0.089063 0.085417
0 0.654687 0.294792 0.112500 0.164583
