0 0.774219 0.661458 0.120313 0.156250
0 0.661719 0.652083 0.132812 0.191667
0 0.785937 0.564583 0.115625 0.200000
0 0.679688 0.523958 0.090625 0.118750
0 0.576562 0.541667 0.100000 0.166667
0 0.553125 0.657292 0.093750 0.172917
0 0.450000 0.665625 0.128125 0.160417
0 0.392188 0.631250 0.096875 0.137500
0 0.285156 0.578125 0.089063 0.047917
0 0.260937 0.668750 0.168750 0.175000
0 0.271094 0.491667 0.135937 0.162500
0 0.394531 0.494792 0.132812 0.152083
0 0.484375 0.517708 0.075000 0.143750
0 0.775000 0.434375 0.115625 0.143750
0 0.703906 0.437500 0.089063 0.091667
0 0.626563 0.455208 0.084375 0.177083
0 0.755469 0.333333 0.064062 0.062500
0 0.779687 0.266667 0.118750 0.175000
0 0.685937 0.329167 0.128125 0.158333
0 0.609375 0.304167 0.075000 0.104167
0 0.524219 0.404167 0.151562 0.179167
0 0.387500 0.368750 0.150000 0.125000
0 0.311719 0.326042 0.123438 0.152083
0 0.284375 0.407292 0.078125 0.047917
0 0.403906 0.286458 0.095312 0.097917
0 0.493750 0.257292 0.100000 0.131250
0 0.542188 0.309375 0.118750 0.127083
0 0.679688 0.254167 0.109375 0.054167
