0 0.446875 0.745833 0.103125 0.125000
0 0.499219 0.669792 0.076563 0.127083
0 0.387500 0.671875 0.096875 0.143750
0 0.363281 0.576042 0.117188 0.156250
0 0.463281 0.626042 0.114062 0.131250
0 0.399219 0.557292 0.048438 0.077083
0 0.353125 0.437500 0.103125 0.133333
0 0.421094 0.370833 0.089063 0.116667
0 0.476562 0.330208 0.100000 0.135417
0 0.483594 0.448958 0.101562 0.131250
0 0.514844 0.535417 0.104688 0.145833
0 0.549219 0.626042 0.073438 0.106250
0 0.597656 0.665625 0.092188 0.110417
0 0.671094 0.616667 0.092188 0.129167
0 0.732031 0.577083 0.073438 0.095833
0 0.650781 0.538542 0.070312 0.093750
0 0.606250 0.577083 0.093750 0.125000
0 0.563281 0.497917 0.085938 0.091667
0 0.554688 0.423958 0.059375 0.085417
0 0.554688 0.321875 0.084375 0.127083
0 0.614062 0.296875 0.096875 0.127083
0 0.721875 0.311458 0.128125 0.139583
0 0.629687 0.420833 0.128125 0.145833
0 0.696875 0.466667 0.087500 0.154167
