0 0.700781 0.680208 0.129688 0.147917
0 0.603125 0.696875 0.103125 0.122917
0 0.709375 0.573958 0.106250 0.106250
0 0.604688 0.580208 0.100000 0.110417
0 0.525781 0.627083 0.101562 0.120833
0 0.493750 0.709375 0.118750 0.139583
0 0.349219 0.727083 0.104688 0.137500
0 0.427344 0.663542 0.110937 0.139583
0 0.339062 0.641667 0.087500 0.058333
0 0.307812 0.568750 0.112500 0.133333
0 0.238281 0.419792 0.123438 0.160417
0 0.330469 0.444792 0.110937 0.118750
0 0.300781 0.333333 0.092188 0.141667
0 0.367969 0.286458 0.110937 0.177083
0 0.382812 0.411458 0.096875 0.135417
0 0.447656 0.508333 0.139063 0.162500
0 0.705469 0.457292 0.132812 0.177083
0 0.628125 0.437500 0.068750 0.104167
0 0.562500 0.467708 0.131250 0.168750
0 0.476562 0.414583 0.096875 0.091667
0 0.464062 0.298958 0.118750 0.131250
0 0.527344 0.294792 0.092188 0.093750
0 0.581250 0.318750 0.153125 0.175000
0 0.681250 0.268750 0.150000 0.150000
0 0.695312 0.357292 0.131250 0.068750
0 0.401562 0.535417 0.109375 0.120833
