0 0.686719 0.803125 0.135937 0.210417
0 0.699219 0.688542 0.089063 0.118750
0 0.596094 0.785417 0.110937 0.183333
0 0.510156 0.761458 0.126562 0.172917
0 0.741406 0.645833 0.132812 0.179167
0 0.692187 0.559375 0.137500 0.160417
0 0.773438 0.491667 0.109375 0.162500
0 0.800000 0.346875 0.106250 0.122917
0 0.752344 0.235417 0.123438 0.154167
0 0.670312 0.188542 0.118750 0.164583
0 0.579688 0.101042 0.121875 0.189583
0 0.553906 0.242708 0.135937 0.185417
0 0.656250 0.366667 0.128125 0.162500
0 0.496875 0.296875 0.093750 0.093750
0 0.433594 0.378125 0.148438 0.168750
0 0.396875 0.503125 0.156250 0.189583
0 0.382812 0.569792 0.115625 0.081250
0 0.378906 0.683333 0.164062 0.183333
0 0.507031 0.628125 0.154688 0.210417
0 0.589844 0.514583 0.123438 0.179167
0 0.537500 0.419792 0.125000 0.193750
