0 0.380469 0.339583 0.089063 0.120833
0 0.428125 0.360417 0.040625 0.058333
0 0.446875 0.526042 0.068750 0.102083
0 0.478906 0.388542 0.092188 0.114583
0 0.459375 0.444792 0.062500 0.068750
0 0.504687 0.473958 0.050000 0.077083
0 0.495312 0.543750 0.040625 0.070833
0 0.539062 0.550000 0.081250 0.095833
0 0.575000 0.493750 0.068750 0.100000
0 0.613281 0.528125 0.073438 0.114583
0 0.539062 0.429167 0.084375 0.104167
0 0.475781 0.277083 0.082812 0.112500
0 0.528906 0.254167 0.085938 0.116667
0 0.586719 0.388542 0.079687 0.106250
0 0.612500 0.440625 0.071875 0.106250
0 0.675000 0.503125 0.071875 0.118750
0 0.731250 0.471875 0.075000 0.102083
0 0.740625 0.417708 0.100000 0.114583
0 0.694531 0.385417 0.067187 0.083333
0 0.653125 0.341667 0.078125 0.091667
0 0.632812 0.300000 0.084375 0.108333
0 0.715625 0.244792 0.106250 0.131250
0 0.728125 0.317708 0.084375 0.097917
0 0.640625 0.206250 0.084375 0.062500
