0 0.726562 0.521875 0.137500 0.206250
0 0.692187 0.563542 0.090625 0.152083
0 0.794531 0.612500 0.089063 0.150000
0 0.845313 0.528125 0.087500 0.193750
0 0.773438 0.422917 0.109375 0.175000
0 0.634375 0.578125 0.150000 0.152083
0 0.570312 0.604167 0.084375 0.145833
0 0.590625 0.505208 0.112500 0.060417
0 0.510156 0.481250 0.079687 0.075000
0 0.499219 0.589583 0.117188 0.154167
0 0.423438 0.597917 0.084375 0.141667
0 0.389062 0.514583 0.112500 0.170833
0 0.397656 0.351042 0.123438 0.168750
0 0.432812 0.256250 0.090625 0.129167
0 0.523438 0.392708 0.106250 0.152083
0 0.610938 0.396875 0.125000 0.168750
0 0.832812 0.371875 0.109375 0.164583
0 0.841406 0.192708 0.126562 0.177083
0 0.736719 0.230208 0.104688 0.160417
0 0.821094 0.258333 0.073438 0.070833
0 0.682813 0.231250 0.050000 0.079167
0 0.605469 0.152083 0.076563 0.075000
0 0.499219 0.201042 0.117188 0.164583
0 0.596875 0.232292 0.125000 0.147917
0 0.521094 0.301042 0.104688 0.135417
0 0.442188 0.422917 0.115625 0.154167
0 0.678125 0.436458 0.053125 0.122917
0 0.716406 0.344792 0.142187 0.160417
