0 0.342969 0.808333 0.151562 0.216667
0 0.263281 0.748958 0.148438 0.185417
0 0.226562 0.605208 0.156250 0.197917
0 0.305469 0.563542 0.135937 0.189583
0 0.415625 0.654167 0.137500 0.183333
0 0.492188 0.711458 0.156250 0.214583
0 0.489063 0.823958 0.143750 0.152083
0 0.599219 0.776042 0.082812 0.118750
0 0.690625 0.784375 0.168750 0.185417
0 0.728906 0.776042 0.117188 0.193750
0 0.818750 0.542708 0.196875 0.239583
0 0.784375 0.263542 0.168750 0.231250
0 0.658594 0.322917 0.170313 0.195833
0 0.759375 0.452083 0.090625 0.108333
0 0.661719 0.486458 0.160938 0.177083
0 0.518750 0.445833 0.131250 0.162500
0 0.450781 0.510417 0.154688 0.191667
0 0.601562 0.622917 0.181250 0.229167
0 0.560156 0.268750 0.173437 0.220833
0 0.472656 0.240625 0.135937 0.214583
0 0.360938 0.197917 0.109375 0.166667
0 0.245312 0.264583 0.131250 0.175000
0 0.183594 0.388542 0.176563 0.181250
0 0.354687 0.323958 0.181250 0.243750
0 0.312500 0.419792 0.159375 0.160417
0 0.419531 0.456250 0.092188 0.170833
