0 0.503125 0.769792 0.171875 0.243750
0 0.625781 0.689583 0.179688 0.191667
0 0.709375 0.164583 0.156250 0.208333
0 0.697656 0.693750 0.051562 0.195833
0 0.602344 0.552083 0.189062 0.220833
0 0.348438 0.677083 0.140625 0.195833
0 0.196094 0.626042 0.129688 0.172917
0 0.284375 0.626042 0.056250 0.097917
0 0.231250 0.503125 0.128125 0.177083
0 0.336719 0.508333 0.139063 0.166667
0 0.407813 0.573958 0.150000 0.197917
0 0.528906 0.489583 0.139063 0.233333
0 0.261719 0.239583 0.145313 0.104167
0 0.251563 0.336458 0.134375 0.160417
0 0.345313 0.345833 0.115625 0.195833
0 0.451562 0.353125 0.168750 0.218750
0 0.543750 0.318750 0.146875 0.175000
0 0.716406 0.353125 0.151562 0.185417
0 0.710938 0.510417 0.175000 0.208333
0 0.389844 0.156250 0.098437 0.108333
0 0.484375 0.203125 0.153125 0.164583
0 0.571875 0.210417 0.103125 0.162500
0 0.325781 0.216667 0.070312 0.054167
0 0.361719 0.263542 0.110937 0.164583
0 0.634375 0.268750 0.096875 0.158333
0 0.625000 0.394792 0.046875 0.106250
