0 0.676562 0.255208 0.143750 0.160417
0 0.689063 0.361458 0.140625 0.185417
0 0.473438 0.232292 0.140625 0.139583
0 0.264844 0.344792 0.132812 0.193750
0 0.378125 0.228125 0.084375 0.097917
0 0.288281 0.255208 0.092188 0.097917
0 0.192188 0.442708 0.153125 0.143750
0 0.278906 0.459375 0.070312 0.089583
0 0.339844 0.475000 0.129688 0.175000
0 0.376563 0.351042 0.131250 0.206250
0 0.490625 0.341667 0.137500 0.179167
0 0.591406 0.322917 0.101562 0.183333
0 0.709375 0.525000 0.121875 0.145833
0 0.260156 0.586458 0.120313 0.177083
0 0.341406 0.480208 0.126562 0.164583
0 0.425781 0.505208 0.132812 0.189583
0 0.541406 0.472917 0.148438 0.179167
0 0.667188 0.633333 0.087500 0.133333
0 0.544531 0.731250 0.135937 0.187500
0 0.446875 0.619792 0.143750 0.164583
0 0.369531 0.679167 0.126562 0.195833
0 0.439844 0.769792 0.139063 0.193750
0 0.271875 0.716667 0.096875 0.133333
0 0.576562 0.578125 0.131250 0.160417
0 0.581250 0.672917 0.081250 0.108333
0 0.585156 0.420833 0.054688 0.054167
0 0.657813 0.466667 0.100000 0.137500
0 0.330469 0.783333 0.092188 0.125000
