0 0.292187 0.131250 0.187500 0.245833
0 0.244531 0.277083 0.139063 0.195833
0 0.357812 0.320833 0.193750 0.237500
0 0.289062 0.422917 0.134375 0.104167
0 0.312500 0.568750 0.196875 0.241667
0 0.353906 0.653125 0.142187 0.164583
0 0.418750 0.719792 0.184375 0.272917
0 0.565625 0.734375 0.203125 0.272917
0 0.703125 0.702083 0.162500 0.191667
0 0.793750 0.663542 0.093750 0.185417
0 0.436719 0.464583 0.176563 0.220833
0 0.600000 0.544792 0.187500 0.235417
0 0.571875 0.120833 0.100000 0.162500
0 0.397656 0.151042 0.104688 0.172917
0 0.481250 0.080208 0.118750 0.052083
0 0.486719 0.200000 0.139063 0.216667
0 0.578125 0.359375 0.184375 0.227083
0 0.739062 0.531250 0.156250 0.216667
0 0.828906 0.566667 0.092188 0.108333
0 0.791406 0.435417 0.160938 0.200000
0 0.850781 0.487500 0.051562 0.095833
0 0.709375 0.336458 0.140625 0.177083
0 0.807813 0.304167 0.087500 0.116667
0 0.607812 0.210417 0.146875 0.191667
0 0.700781 0.223958 0.101562 0.093750
0 0.759375 0.194792 0.118750 0.131250
0 0.677344 0.152083 0.064062 0.075000
0 0.446094 0.336458 0.085938 0.139583
