0 0.271875 0.775000 0.146875 0.175000
0 0.279687 0.639583 0.125000 0.183333
0 0.222656 0.615625 0.057813 0.106250
0 0.383594 0.650000 0.148438 0.200000
0 0.363281 0.742708 0.110937 0.118750
0 0.432031 0.731250 0.079687 0.091667
0 0.526563 0.788542 0.140625 0.177083
0 0.508594 0.598958 0.129688 0.185417
0 0.518750 0.696875 0.143750 0.081250
0 0.622656 0.737500 0.135937 0.162500
0 0.619531 0.646875 0.139063 0.052083
0 0.709375 0.705208 0.112500 0.143750
0 0.728125 0.619792 0.131250 0.102083
0 0.615625 0.528125 0.171875 0.214583
0 0.717969 0.543750 0.148438 0.195833
0 0.689063 0.428125 0.131250 0.139583
0 0.209375 0.502083 0.109375 0.145833
0 0.175781 0.386458 0.157812 0.127083
0 0.194531 0.275000 0.145313 0.187500
0 0.287500 0.269792 0.125000 0.197917
0 0.371875 0.254167 0.153125 0.212500
0 0.442969 0.233333 0.173437 0.200000
0 0.377344 0.440625 0.145313 0.197917
0 0.282813 0.466667 0.146875 0.158333
0 0.493750 0.453125 0.146875 0.181250
0 0.576562 0.436458 0.062500 0.114583
0 0.482031 0.335417 0.067187 0.083333
0 0.556250 0.305208 0.143750 0.227083
0 0.582812 0.172917 0.143750 0.058333
0 0.708594 0.290625 0.192188 0.214583
