0 0.175781 0.605208 0.198437 0.252083
0 0.246875 0.710417 0.159375 0.204167
0 0.354687 0.717708 0.165625 0.197917
0 0.524219 0.705208 0.173437 0.214583
0 0.671094 0.718750 0.129688 0.208333
0 0.781250 0.642708 0.228125 0.327083
0 0.682031 0.576042 0.114062 0.131250
0 0.875781 0.650000 0.082812 0.200000
0 0.850000 0.448958 0.150000 0.235417
0 0.728906 0.421875 0.207813 0.206250
0 0.555469 0.579167 0.154688 0.175000
0 0.407031 0.550000 0.179688 0.250000
0 0.300781 0.552083 0.098437 0.129167
0 0.228125 0.539583 0.103125 0.070833
0 0.198437 0.427083 0.112500 0.183333
0 0.274219 0.414583 0.151562 0.191667
0 0.313281 0.333333 0.129688 0.108333
0 0.228125 0.283333 0.121875 0.120833
0 0.421094 0.376042 0.170313 0.197917
0 0.572656 0.397917 0.160938 0.204167
0 0.554688 0.581250 0.162500 0.175000
0 0.615625 0.343750 0.150000 0.195833
0 0.696875 0.337500 0.043750 0.100000
0 0.820312 0.253125 0.168750 0.202083
0 0.682031 0.258333 0.142187 0.216667
0 0.500000 0.265625 0.112500 0.139583
0 0.294531 0.210417 0.114062 0.166667
0 0.372656 0.187500 0.154688 0.195833
0 0.569531 0.187500 0.132812 0.154167
0 0.467187 0.220833 0.081250 0.104167
