0 0.596875 0.781250 0.178125 0.237500
0 0.657813 0.700000 0.128125 0.166667
0 0.493750 0.761458 0.106250 0.185417
0 0.387500 0.723958 0.159375 0.168750
0 0.383594 0.802083 0.129688 0.108333
0 0.286719 0.717708 0.135937 0.164583
0 0.656250 0.595833 0.134375 0.062500
0 0.570312 0.588542 0.125000 0.085417
0 0.463281 0.628125 0.142187 0.118750
0 0.391406 0.616667 0.070312 0.104167
0 0.321094 0.580208 0.107813 0.114583
0 0.256250 0.509375 0.115625 0.156250
0 0.342969 0.466667 0.135937 0.154167
0 0.446875 0.517708 0.137500 0.210417
0 0.552344 0.500000 0.129688 0.191667
0 0.645312 0.479167 0.150000 0.225000
0 0.636719 0.372917 0.098437 0.091667
0 0.640625 0.232292 0.134375 0.218750
0 0.539062 0.232292 0.112500 0.172917
0 0.499219 0.369792 0.154688 0.160417
0 0.391406 0.385417 0.089063 0.145833
0 0.302344 0.308333 0.132812 0.187500
0 0.245312 0.346875 0.100000 0.127083
0 0.400781 0.262500 0.085938 0.112500
0 0.447656 0.225000 0.120313 0.154167
0 0.339844 0.232292 0.064062 0.093750
0 0.557031 0.652083 0.079687 0.045833
