0 0.739844 0.388542 0.217188 0.289583
0 0.688281 0.776042 0.145313 0.206250
0 0.721875 0.702083 0.090625 0.095833
0 0.636719 0.675000 0.079687 0.079167
0 0.476562 0.743750 0.156250 0.191667
0 0.567187 0.735417 0.109375 0.162500
0 0.323437 0.691667 0.131250 0.141667
0 0.337500 0.651042 0.084375 0.068750
0 0.128906 0.326042 0.132812 0.185417
0 0.230469 0.406250 0.179688 0.212500
0 0.235156 0.578125 0.129688 0.168750
0 0.343750 0.517708 0.125000 0.202083
0 0.409375 0.488542 0.156250 0.235417
0 0.601562 0.243750 0.178125 0.075000
0 0.586719 0.380208 0.164062 0.281250
0 0.738281 0.606250 0.167187 0.200000
0 0.704688 0.514583 0.096875 0.104167
0 0.560937 0.537500 0.187500 0.179167
0 0.436719 0.314583 0.176563 0.220833
0 0.335938 0.303125 0.087500 0.152083
0 0.626563 0.602083 0.143750 0.133333
0 0.496094 0.635417 0.135937 0.133333
