0 0.285156 0.767708 0.185938 0.214583
0 0.257812 0.633333 0.162500 0.212500
0 0.246875 0.510417 0.121875 0.070833
0 0.269531 0.390625 0.170313 0.247917
0 0.333594 0.477083 0.207813 0.237500
0 0.284375 0.220833 0.190625 0.229167
0 0.443750 0.271875 0.165625 0.247917
0 0.467187 0.147917 0.103125 0.083333
0 0.440625 0.481250 0.131250 0.195833
0 0.549219 0.280208 0.092188 0.168750
0 0.641406 0.310417 0.139063 0.216667
0 0.578125 0.440625 0.175000 0.218750
0 0.718750 0.401042 0.159375 0.210417
0 0.832031 0.435417 0.160938 0.170833
0 0.691406 0.496875 0.129688 0.206250
0 0.769531 0.542708 0.073438 0.097917
0 0.605469 0.625000 0.160938 0.229167
0 0.378906 0.618750 0.179688 0.183333
0 0.427344 0.841667 0.123438 0.237500
0 0.530469 0.836458 0.135937 0.235417
0 0.661719 0.896875 0.142187 0.202083
0 0.619531 0.787500 0.067187 0.104167
0 0.689844 0.789583 0.095312 0.112500
0 0.484375 0.627083 0.081250 0.162500
0 0.449219 0.703125 0.085938 0.081250
0 0.550781 0.697917 0.129688 0.150000
0 0.713281 0.640625 0.110937 0.168750
0 0.764844 0.660417 0.107813 0.170833
0 0.709375 0.730208 0.131250 0.068750
0 0.570312 0.888542 0.112500 0.122917
