0 0.178125 0.671875 0.253125 0.231250
0 0.168750 0.519792 0.193750 0.181250
0 0.278125 0.598958 0.065625 0.064583
0 0.309375 0.570833 0.059375 0.070833
0 0.228906 0.525000 0.089063 0.125000
0 0.176563 0.388542 0.143750 0.181250
0 0.320312 0.677083 0.087500 0.237500
0 0.393750 0.659375 0.143750 0.147917
0 0.387500 0.750000 0.134375 0.075000
0 0.544531 0.673958 0.235937 0.252083
0 0.750000 0.692708 0.215625 0.260417
0 0.818750 0.688542 0.062500 0.193750
0 0.646094 0.630208 0.076563 0.093750
0 0.674219 0.570833 0.145313 0.070833
0 0.331250 0.514583 0.203125 0.237500
0 0.314063 0.364583 0.175000 0.150000
0 0.178906 0.231250 0.114062 0.150000
0 0.257031 0.259375 0.170313 0.227083
0 0.421094 0.280208 0.160938 0.252083
0 0.346094 0.232292 0.098437 0.164583
0 0.486719 0.377083 0.160938 0.233333
0 0.567969 0.310417 0.151562 0.200000
0 0.540625 0.219792 0.125000 0.181250
0 0.639844 0.433333 0.164062 0.220833
0 0.788281 0.459375 0.176563 0.247917
0 0.853906 0.625000 0.132812 0.262500
0 0.827344 0.354167 0.192188 0.191667
0 0.664062 0.254167 0.140625 0.208333
0 0.671094 0.301042 0.073438 0.093750
0 0.811719 0.245833 0.160938 0.179167
