0 0.186719 0.456250 0.192188 0.204167
0 0.242188 0.378125 0.146875 0.185417
0 0.271875 0.295833 0.084375 0.083333
0 0.297656 0.491667 0.107813 0.120833
0 0.348438 0.514583 0.134375 0.091667
0 0.317969 0.575000 0.120313 0.095833
0 0.445312 0.568750 0.212500 0.220833
0 0.352344 0.385417 0.170313 0.216667
0 0.377344 0.292708 0.139063 0.172917
0 0.369531 0.188542 0.123438 0.172917
0 0.328906 0.175000 0.089063 0.112500
0 0.485156 0.323958 0.148438 0.185417
0 0.485156 0.470833 0.179688 0.158333
0 0.586719 0.633333 0.204687 0.258333
0 0.703125 0.682292 0.103125 0.177083
0 0.749219 0.655208 0.164062 0.206250
0 0.630469 0.421875 0.154688 0.227083
0 0.483594 0.210417 0.110937 0.120833
0 0.596094 0.303125 0.132812 0.152083
0 0.686719 0.354167 0.085938 0.120833
0 0.614844 0.220833 0.110937 0.083333
0 0.744531 0.495833 0.189062 0.200000
0 0.853906 0.445833 0.129688 0.183333
0 0.844531 0.344792 0.164062 0.135417
0 0.722656 0.316667 0.135937 0.162500
