0 0.217188 0.338542 0.165625 0.193750
0 0.250781 0.515625 0.142187 0.210417
0 0.292187 0.644792 0.140625 0.147917
0 0.307031 0.777083 0.164062 0.187500
0 0.411719 0.734375 0.192188 0.231250
0 0.381250 0.561458 0.184375 0.189583
0 0.363281 0.370833 0.135937 0.154167
0 0.382812 0.436458 0.168750 0.227083
0 0.330469 0.266667 0.120313 0.154167
0 0.544531 0.425000 0.157812 0.225000
0 0.480469 0.598958 0.073438 0.081250
0 0.557031 0.605208 0.076563 0.093750
0 0.535156 0.704167 0.135937 0.216667
0 0.664844 0.647917 0.167187 0.275000
0 0.738281 0.551042 0.160938 0.239583
0 0.864062 0.593750 0.171875 0.220833
0 0.828906 0.480208 0.098437 0.052083
0 0.423438 0.258333 0.078125 0.104167
0 0.509375 0.252083 0.156250 0.170833
0 0.489844 0.187500 0.095312 0.112500
0 0.607031 0.365625 0.126562 0.168750
0 0.707031 0.407292 0.154688 0.177083
0 0.771094 0.387500 0.129688 0.162500
0 0.639844 0.297917 0.085938 0.087500
0 0.633594 0.236458 0.123438 0.156250
0 0.767969 0.288542 0.151562 0.143750
0 0.722656 0.229167 0.135937 0.179167
0 0.477344 0.493750 0.073438 0.145833
0 0.473438 0.410417 0.050000 0.033333
