0 0.558594 0.828125 0.198437 0.256250
0 0.339844 0.741667 0.201563 0.237500
0 0.319531 0.583333 0.160938 0.175000
0 0.464844 0.589583 0.126562 0.220833
0 0.288281 0.417708 0.142187 0.227083
0 0.291406 0.195833 0.182812 0.241667
0 0.417969 0.201042 0.135937 0.202083
0 0.425000 0.379167 0.196875 0.225000
0 0.503906 0.233333 0.095312 0.112500
0 0.596094 0.252083 0.123438 0.187500
0 0.536719 0.398958 0.151562 0.206250
0 0.602344 0.634375 0.195312 0.243750
0 0.703906 0.723958 0.123438 0.222917
0 0.782813 0.687500 0.125000 0.216667
0 0.869531 0.733333 0.151562 0.233333
0 0.729688 0.531250 0.190625 0.233333
0 0.664062 0.377083 0.153125 0.208333
0 0.703906 0.305208 0.139063 0.164583
0 0.782031 0.314583 0.129688 0.137500
0 0.815625 0.409375 0.137500 0.147917
0 0.817187 0.514583 0.115625 0.187500
