0 0.212500 0.634375 0.193750 0.202083
0 0.250781 0.566667 0.126562 0.120833
0 0.378906 0.675000 0.207813 0.308333
0 0.246094 0.447917 0.151562 0.166667
0 0.344531 0.369792 0.151562 0.189583
0 0.267969 0.280208 0.157812 0.177083
0 0.379688 0.269792 0.090625 0.122917
0 0.452344 0.515625 0.154688 0.214583
0 0.558594 0.613542 0.167187 0.264583
0 0.439844 0.354167 0.157812 0.170833
0 0.616406 0.425000 0.189062 0.233333
0 0.698438 0.602083 0.159375 0.258333
0 0.833594 0.633333 0.189062 0.220833
0 0.571094 0.329167 0.160938 0.162500
0 0.543750 0.251042 0.106250 0.085417
0 0.735938 0.423958 0.096875 0.135417
0 0.813281 0.457292 0.110937 0.172917
0 0.666406 0.346875 0.082812 0.060417
0 0.676562 0.309375 0.118750 0.114583
0 0.828906 0.361458 0.151562 0.156250
0 0.785156 0.296875 0.135937 0.131250
