0 0.183594 0.358333 0.148438 0.187500
0 0.252344 0.539583 0.117188 0.166667
0 0.263281 0.431250 0.060937 0.083333
0 0.274219 0.352083 0.045312 0.087500
0 0.292187 0.281250 0.150000 0.225000
0 0.403906 0.245833 0.142187 0.154167
0 0.473438 0.209375 0.171875 0.206250
0 0.295312 0.504167 0.137500 0.220833
0 0.318750 0.648958 0.118750 0.147917
0 0.331250 0.754167 0.153125 0.195833
0 0.463281 0.846875 0.135937 0.197917
0 0.456250 0.710417 0.162500 0.212500
0 0.575781 0.732292 0.132812 0.177083
0 0.414844 0.508333 0.154688 0.220833
0 0.428906 0.362500 0.101562 0.091667
0 0.521094 0.414583 0.157812 0.208333
0 0.592187 0.211458 0.143750 0.193750
0 0.614062 0.328125 0.128125 0.147917
0 0.657813 0.476042 0.125000 0.185417
0 0.711719 0.148958 0.185938 0.193750
0 0.750781 0.270833 0.195312 0.183333
0 0.741406 0.425000 0.154688 0.191667
0 0.775000 0.481250 0.140625 0.137500
0 0.783594 0.592708 0.135937 0.139583
0 0.670312 0.672917 0.140625 0.212500
0 0.785937 0.707292 0.156250 0.231250
0 0.571094 0.572917 0.164062 0.229167
0 0.581250 0.107292 0.137500 0.072917
