0 0.511719 0.783333 0.170313 0.245833
0 0.328125 0.684375 0.184375 0.222917
0 0.323437 0.533333 0.146875 0.179167
0 0.308594 0.389583 0.139063 0.220833
0 0.310156 0.180208 0.176563 0.218750
0 0.439844 0.185417 0.129688 0.191667
0 0.425781 0.339583 0.167187 0.175000
0 0.414062 0.470833 0.131250 0.200000
0 0.456250 0.564583 0.106250 0.179167
0 0.514062 0.661458 0.096875 0.093750
0 0.565625 0.595833 0.171875 0.220833
0 0.655469 0.694792 0.145313 0.222917
0 0.527344 0.376042 0.154688 0.214583
0 0.525000 0.217708 0.090625 0.122917
0 0.613281 0.216667 0.117188 0.162500
0 0.657813 0.339583 0.150000 0.191667
0 0.730469 0.353125 0.082812 0.102083
0 0.722656 0.267708 0.120313 0.160417
0 0.806250 0.286458 0.128125 0.143750
0 0.831250 0.375000 0.153125 0.125000
0 0.704688 0.502083 0.190625 0.229167
0 0.772656 0.665625 0.129688 0.206250
0 0.849219 0.713542 0.142187 0.214583
0 0.822656 0.488542 0.114062 0.185417
0 0.828125 0.583333 0.103125 0.075000
