0 0.285938 0.720833 0.237500 0.300000
0 0.158594 0.733333 0.129688 0.187500
0 0.246875 0.534375 0.140625 0.143750
0 0.367969 0.541667 0.154688 0.233333
0 0.471875 0.611458 0.184375 0.272917
0 0.617188 0.530208 0.190625 0.297917
0 0.775781 0.589583 0.132812 0.166667
0 0.831250 0.485417 0.240625 0.295833
0 0.531250 0.395833 0.175000 0.220833
0 0.399219 0.379167 0.114062 0.158333
0 0.293750 0.407292 0.137500 0.135417
0 0.261719 0.377083 0.110937 0.137500
0 0.368750 0.319792 0.078125 0.085417
0 0.507812 0.315625 0.168750 0.152083
0 0.625000 0.311458 0.081250 0.072917
0 0.662500 0.373958 0.103125 0.181250
0 0.777344 0.359375 0.160938 0.168750
0 0.636719 0.254167 0.135937 0.112500
0 0.802344 0.245833 0.154688 0.158333
0 0.779687 0.192708 0.131250 0.131250
0 0.534375 0.250000 0.084375 0.066667
