0 0.291406 0.629167 0.185938 0.233333
0 0.487500 0.745833 0.193750 0.291667
0 0.432031 0.562500 0.098437 0.154167
0 0.289062 0.501042 0.162500 0.160417
0 0.282031 0.352083 0.142187 0.220833
0 0.303125 0.166667 0.168750 0.216667
0 0.407031 0.335417 0.179688 0.208333
0 0.415625 0.194792 0.093750 0.152083
0 0.543750 0.567708 0.187500 0.231250
0 0.628906 0.687500 0.154688 0.229167
0 0.511719 0.366667 0.160938 0.200000
0 0.503125 0.246875 0.087500 0.097917
0 0.577344 0.248958 0.082812 0.127083
0 0.630469 0.362500 0.148438 0.183333
0 0.688281 0.495833 0.182812 0.220833
0 0.747656 0.671875 0.132812 0.210417
0 0.871094 0.698958 0.154688 0.222917
0 0.785937 0.548958 0.112500 0.214583
0 0.794531 0.441667 0.142187 0.120833
0 0.688281 0.339583 0.104688 0.154167
0 0.764844 0.354167 0.126562 0.112500
0 0.755469 0.755208 0.126562 0.160417
